<?xml version="1.0" encoding="utf-8"?>
<COLLADA xmlns="http://www.collada.org/2005/11/COLLADASchema" version="1.4.1">
  <asset><contributor><author>Mixamo</author><authoring_tool>COLLADA Mixamo exporter</authoring_tool><comments></comments></contributor><created>2018-10-11T19:06:01Z</created><modified>2018-10-11T19:06:01Z</modified><revision></revision><title></title><unit meter="0.010000"/><up_axis>Y_UP</up_axis></asset>
  <library_animations>
    <animation id="mixamorig_Hips-anim" name="mixamorig_Hips"><source id="mixamorig_Hips-Matrix-animation-input"><float_array id="mixamorig_Hips-Matrix-animation-input-array" count="59">

0.000000 0.033333 0.066667 0.100000 0.133333 0.166667 0.200000 0.233333 0.266667 0.300000 0.333333 0.366667 0.400000 0.433333 0.466667 0.500000
0.533333 0.566667 0.600000 0.633333 0.666667 0.700000 0.733333 0.766667 0.800000 0.833333 0.866667 0.900000 0.933333 0.966667 1.000000 1.033333
1.066667 1.100000 1.133333 1.166667 1.200000 1.233333 1.266667 1.300000 1.333333 1.366667 1.400000 1.433333 1.466667 1.500000 1.533333 1.566667
1.600000 1.633333 1.666667 1.700000 1.733333 1.766667 1.800000 1.833333 1.866667 1.900000 1.933333</float_array><technique_common><accessor source="#mixamorig_Hips-Matrix-animation-input-array" count="59"><param name="TIME" type="float"/></accessor></technique_common></source><source id="mixamorig_Hips-Matrix-animation-output-transform"><float_array id="mixamorig_Hips-Matrix-animation-output-transform-array" count="944">

0.730173 0.050398 -0.681401 1.978556 0.003564 0.996981 0.077558 177.274506 0.683253 -0.059059 0.727789 -3.549565 0.000000 0.000000 0.000000 1.000000
0.729870 0.050651 -0.681707 2.002969 0.003558 0.996956 0.077884 177.290253 0.683577 -0.059271 0.727468 -3.568896 0.000000 0.000000 0.000000 1.000000
0.729656 0.050870 -0.681919 2.029371 0.003551 0.996934 0.078170 177.306885 0.683805 -0.059459 0.727238 -3.580243 0.000000 0.000000 0.000000 1.000000
0.729661 0.051225 -0.681887 2.054973 0.003385 0.996907 0.078512 177.325500 0.683800 -0.059595 0.727231 -3.578278 0.000000 0.000000 0.000000 1.000000
0.729952 0.051602 -0.681548 2.074345 0.003173 0.996879 0.078876 177.346481 0.683491 -0.059738 0.727510 -3.558476 0.000000 0.000000 0.000000 1.000000
0.730463 0.051998 -0.680970 2.084701 0.003016 0.996842 0.079354 177.369064 0.682946 -0.060019 0.727999 -3.520184 0.000000 0.000000 0.000000 1.000000
0.731037 0.052405 -0.680322 2.087356 0.002983 0.996791 0.079989 177.394073 0.682331 -0.060504 0.728535 -3.466043 0.000000 0.000000 0.000000 1.000000
0.731505 0.052822 -0.679787 2.085788 0.003022 0.996734 0.080701 177.425919 0.681829 -0.061087 0.728956 -3.398631 0.000000 0.000000 0.000000 1.000000
0.731771 0.053130 -0.679476 2.083018 0.003092 0.996688 0.081263 177.468765 0.681543 -0.061567 0.729183 -3.318694 0.000000 0.000000 0.000000 1.000000
0.731820 0.053314 -0.679409 2.082955 0.003138 0.996661 0.081590 177.520233 0.681491 -0.061841 0.729209 -3.226946 0.000000 0.000000 0.000000 1.000000
0.731686 0.053459 -0.679542 2.091496 0.003164 0.996643 0.081812 177.570572 0.681634 -0.062010 0.729061 -3.127551 0.000000 0.000000 0.000000 1.000000
0.731460 0.053696 -0.679767 2.113068 0.003199 0.996613 0.082167 177.608704 0.681877 -0.062276 0.728811 -3.027665 0.000000 0.000000 0.000000 1.000000
0.731346 0.054044 -0.679862 2.143909 0.003294 0.996564 0.082763 177.630981 0.681999 -0.062768 0.728655 -2.933590 0.000000 0.000000 0.000000 1.000000
0.731570 0.054447 -0.679588 2.171972 0.003438 0.996499 0.083539 177.645523 0.681757 -0.063451 0.728822 -2.846299 0.000000 0.000000 0.000000 1.000000
0.732142 0.054916 -0.678935 2.186871 0.003501 0.996428 0.084372 177.667068 0.681143 -0.064149 0.729334 -2.763113 0.000000 0.000000 0.000000 1.000000
0.732739 0.055361 -0.678254 2.188509 0.003435 0.996372 0.085037 177.706726 0.680501 -0.064639 0.729890 -2.682374 0.000000 0.000000 0.000000 1.000000
0.732951 0.055732 -0.677995 2.186268 0.003233 0.996342 0.085395 177.763458 0.680274 -0.064782 0.730090 -2.605216 0.000000 0.000000 0.000000 1.000000
0.732662 0.055986 -0.678286 2.188412 0.002982 0.996337 0.085459 177.826141 0.680586 -0.064636 0.729811 -2.532982 0.000000 0.000000 0.000000 1.000000
0.732133 0.056172 -0.678842 2.195621 0.002759 0.996341 0.085419 177.881760 0.681156 -0.064411 0.729299 -2.464410 0.000000 0.000000 0.000000 1.000000
0.731747 0.056354 -0.679242 2.202903 0.002605 0.996337 0.085469 177.923203 0.681571 -0.064311 0.728920 -2.395457 0.000000 0.000000 0.000000 1.000000
0.731688 0.056459 -0.679298 2.205230 0.002573 0.996328 0.085580 177.952072 0.681635 -0.064366 0.728856 -2.321221 0.000000 0.000000 0.000000 1.000000
0.731887 0.056563 -0.679074 2.201675 0.002592 0.996311 0.085780 177.974823 0.681421 -0.064541 0.729040 -2.239514 0.000000 0.000000 0.000000 1.000000
0.732179 0.056637 -0.678754 2.193614 0.002644 0.996293 0.085985 177.997665 0.681108 -0.064751 0.729315 -2.152364 0.000000 0.000000 0.000000 1.000000
0.732422 0.056609 -0.678493 2.183198 0.002762 0.996282 0.086104 178.022095 0.680845 -0.064938 0.729543 -2.065622 0.000000 0.000000 0.000000 1.000000
0.732512 0.056536 -0.678403 2.173212 0.002882 0.996279 0.086140 178.044861 0.680748 -0.065054 0.729623 -1.987269 0.000000 0.000000 0.000000 1.000000
0.732426 0.056412 -0.678505 2.165052 0.002985 0.996286 0.086056 178.062683 0.680840 -0.065055 0.729538 -1.925353 0.000000 0.000000 0.000000 1.000000
0.732185 0.056298 -0.678775 2.158197 0.003006 0.996301 0.085877 178.075287 0.681099 -0.064919 0.729307 -1.884536 0.000000 0.000000 0.000000 1.000000
0.731924 0.056142 -0.679070 2.149890 0.002982 0.996326 0.085585 178.085022 0.681380 -0.064667 0.729068 -1.864410 0.000000 0.000000 0.000000 1.000000
0.731741 0.056008 -0.679278 2.139625 0.002892 0.996354 0.085266 178.090942 0.681577 -0.064357 0.728911 -1.861727 0.000000 0.000000 0.000000 1.000000
0.731623 0.055920 -0.679412 2.129709 0.002770 0.996378 0.084991 178.086807 0.681703 -0.064063 0.728819 -1.874483 0.000000 0.000000 0.000000 1.000000
0.731555 0.055822 -0.679493 2.122755 0.002710 0.996396 0.084774 178.064575 0.681777 -0.063858 0.728768 -1.902842 0.000000 0.000000 0.000000 1.000000
0.731586 0.055790 -0.679463 2.119264 0.002690 0.996402 0.084709 178.023315 0.681744 -0.063799 0.728804 -1.946601 0.000000 0.000000 0.000000 1.000000
0.731794 0.055821 -0.679236 2.115920 0.002668 0.996398 0.084761 177.973541 0.681520 -0.063840 0.729009 -2.002870 0.000000 0.000000 0.000000 1.000000
0.732130 0.055902 -0.678867 2.108517 0.002598 0.996390 0.084851 177.932159 0.681160 -0.063885 0.729342 -2.066574 0.000000 0.000000 0.000000 1.000000
0.732405 0.055953 -0.678566 2.095501 0.002483 0.996391 0.084841 177.911301 0.680864 -0.063822 0.729624 -2.132757 0.000000 0.000000 0.000000 1.000000
0.732410 0.055739 -0.678578 2.080256 0.002452 0.996421 0.084493 177.909012 0.680859 -0.063547 0.729652 -2.199823 0.000000 0.000000 0.000000 1.000000
0.732104 0.055406 -0.678936 2.069906 0.002459 0.996465 0.083970 177.908142 0.681188 -0.063144 0.729380 -2.270357 0.000000 0.000000 0.000000 1.000000
0.731695 0.055111 -0.679401 2.067137 0.002486 0.996504 0.083510 177.888626 0.681628 -0.062792 0.728999 -2.346604 0.000000 0.000000 0.000000 1.000000
0.731488 0.054915 -0.679640 2.066795 0.002543 0.996525 0.083255 177.842834 0.681850 -0.062628 0.728806 -2.425659 0.000000 0.000000 0.000000 1.000000
0.731612 0.054795 -0.679516 2.061559 0.002607 0.996532 0.083166 177.781021 0.681717 -0.062617 0.728932 -2.500507 0.000000 0.000000 0.000000 1.000000
0.731895 0.054653 -0.679222 2.048397 0.002700 0.996538 0.083095 177.722763 0.681412 -0.062651 0.729214 -2.566301 0.000000 0.000000 0.000000 1.000000
0.732032 0.054448 -0.679092 2.029960 0.002823 0.996550 0.082944 177.681732 0.681265 -0.062634 0.729352 -2.624492 0.000000 0.000000 0.000000 1.000000
0.731841 0.054136 -0.679322 2.010211 0.002966 0.996577 0.082613 177.657990 0.681469 -0.062474 0.729175 -2.681500 0.000000 0.000000 0.000000 1.000000
0.731385 0.053814 -0.679838 1.992779 0.003100 0.996609 0.082225 177.640152 0.681957 -0.062246 0.728738 -2.745562 0.000000 0.000000 0.000000 1.000000
0.730879 0.053518 -0.680405 1.979481 0.003215 0.996640 0.081846 177.616043 0.682499 -0.062007 0.728251 -2.822101 0.000000 0.000000 0.000000 1.000000
0.730523 0.053311 -0.680804 1.970414 0.003251 0.996665 0.081533 177.580414 0.682880 -0.061775 0.727914 -2.911095 0.000000 0.000000 0.000000 1.000000
0.730399 0.053105 -0.680954 1.963040 0.003256 0.996691 0.081220 177.537109 0.683013 -0.061540 0.727809 -3.007553 0.000000 0.000000 0.000000 1.000000
0.730476 0.052873 -0.680889 1.954945 0.003251 0.996718 0.080885 177.494339 0.682931 -0.061298 0.727907 -3.104344 0.000000 0.000000 0.000000 1.000000
0.730669 0.052612 -0.680702 1.946189 0.003259 0.996746 0.080539 177.459122 0.682724 -0.061066 0.728120 -3.195320 0.000000 0.000000 0.000000 1.000000
0.730868 0.052323 -0.680510 1.940297 0.003305 0.996774 0.080188 177.432190 0.682511 -0.060856 0.728338 -3.275508 0.000000 0.000000 0.000000 1.000000
0.730950 0.051950 -0.680451 1.940928 0.003436 0.996806 0.079793 177.408997 0.682423 -0.060662 0.728436 -3.340759 0.000000 0.000000 0.000000 1.000000
0.730837 0.051597 -0.680599 1.948961 0.003574 0.996836 0.079410 177.384171 0.682543 -0.060468 0.728340 -3.388714 0.000000 0.000000 0.000000 1.000000
0.730559 0.051453 -0.680909 1.961387 0.003579 0.996855 0.079167 177.356995 0.682841 -0.060273 0.728077 -3.421133 0.000000 0.000000 0.000000 1.000000
0.730233 0.051332 -0.681267 1.972323 0.003583 0.996872 0.078952 177.331161 0.683189 -0.060094 0.727765 -3.443719 0.000000 0.000000 0.000000 1.000000
0.729988 0.051217 -0.681539 1.978668 0.003587 0.996887 0.078757 177.310013 0.683451 -0.059936 0.727532 -3.462993 0.000000 0.000000 0.000000 1.000000
0.729917 0.051071 -0.681625 1.979774 0.003591 0.996905 0.078539 177.294754 0.683526 -0.059774 0.727474 -3.482939 0.000000 0.000000 0.000000 1.000000
0.729988 0.050863 -0.681565 1.977602 0.003596 0.996927 0.078248 177.285202 0.683450 -0.059571 0.727562 -3.504622 0.000000 0.000000 0.000000 1.000000
0.730124 0.050600 -0.681439 1.975999 0.003602 0.996956 0.077888 177.279358 0.683306 -0.059322 0.727719 -3.527538 0.000000 0.000000 0.000000 1.000000
0.730153 0.050344 -0.681426 1.978433 0.003606 0.996984 0.077520 177.274551 0.683274 -0.059059 0.727770 -3.549688 0.000000 0.000000 0.000000 1.000000</float_array><technique_common><accessor source="#mixamorig_Hips-Matrix-animation-output-transform-array" count="59" stride="16"><param type="float4x4"/></accessor></technique_common></source><source id="mixamorig_Hips-Interpolations"><Name_array id="mixamorig_Hips-Interpolations-array" count="59">
 LINEAR LINEAR LINEAR LINEAR LINEAR LINEAR LINEAR LINEAR LINEAR LINEAR LINEAR
LINEAR LINEAR LINEAR LINEAR LINEAR LINEAR LINEAR LINEAR LINEAR LINEAR LINEAR LINEAR
LINEAR LINEAR LINEAR LINEAR LINEAR LINEAR LINEAR LINEAR LINEAR LINEAR LINEAR LINEAR
LINEAR LINEAR LINEAR LINEAR LINEAR LINEAR LINEAR LINEAR LINEAR LINEAR LINEAR LINEAR
LINEAR LINEAR LINEAR LINEAR LINEAR LINEAR LINEAR LINEAR LINEAR LINEAR LINEAR LINEAR</Name_array><technique_common><accessor source="#mixamorig_Hips-Interpolations-array" count="59"><param type="name"/></accessor></technique_common></source><sampler id="mixamorig_Hips-Matrix-animation-transform"><input semantic="INPUT" source="#mixamorig_Hips-Matrix-animation-input"/><input semantic="OUTPUT" source="#mixamorig_Hips-Matrix-animation-output-transform"/><input semantic="INTERPOLATION" source="#mixamorig_Hips-Interpolations"/></sampler><channel source="#mixamorig_Hips-Matrix-animation-transform" target="mixamorig_Hips/matrix"/></animation>
    <animation id="mixamorig_Spine-anim" name="mixamorig_Spine"><source id="mixamorig_Spine-Matrix-animation-input"><float_array id="mixamorig_Spine-Matrix-animation-input-array" count="59">

0.000000 0.033333 0.066667 0.100000 0.133333 0.166667 0.200000 0.233333 0.266667 0.300000 0.333333 0.366667 0.400000 0.433333 0.466667 0.500000
0.533333 0.566667 0.600000 0.633333 0.666667 0.700000 0.733333 0.766667 0.800000 0.833333 0.866667 0.900000 0.933333 0.966667 1.000000 1.033333
1.066667 1.100000 1.133333 1.166667 1.200000 1.233333 1.266667 1.300000 1.333333 1.366667 1.400000 1.433333 1.466667 1.500000 1.533333 1.566667
1.600000 1.633333 1.666667 1.700000 1.733333 1.766667 1.800000 1.833333 1.866667 1.900000 1.933333</float_array><technique_common><accessor source="#mixamorig_Spine-Matrix-animation-input-array" count="59"><param name="TIME" type="float"/></accessor></technique_common></source><source id="mixamorig_Spine-Matrix-animation-output-transform"><float_array id="mixamorig_Spine-Matrix-animation-output-transform-array" count="944">

0.996587 0.022677 0.079367 0.071500 -0.014561 0.994740 -0.101388 18.409401 -0.081249 0.099886 0.991676 -1.622400 0.000000 0.000000 0.000000 1.000000
0.996588 0.022660 0.079371 0.071500 -0.014547 0.994746 -0.101335 18.409401 -0.081251 0.099835 0.991681 -1.622400 0.000000 0.000000 0.000000 1.000000
0.996588 0.022624 0.079378 0.071500 -0.014520 0.994758 -0.101225 18.409401 -0.081252 0.099727 0.991692 -1.622400 0.000000 0.000000 0.000000 1.000000
0.996593 0.022551 0.079336 0.071500 -0.014465 0.994776 -0.101054 18.409401 -0.081200 0.099562 0.991713 -1.622400 0.000000 0.000000 0.000000 1.000000
0.996604 0.022441 0.079223 0.071500 -0.014386 0.994801 -0.100821 18.409401 -0.081073 0.099338 0.991745 -1.622400 0.000000 0.000000 0.000000 1.000000
0.996629 0.022256 0.078970 0.071500 -0.014250 0.994832 -0.100533 18.409401 -0.080799 0.099068 0.991795 -1.622400 0.000000 0.000000 0.000000 1.000000
0.996653 0.022077 0.078716 0.071500 -0.014123 0.994866 -0.100207 18.409401 -0.080524 0.098760 0.991848 -1.622400 0.000000 0.000000 0.000000 1.000000
0.996667 0.021929 0.078580 0.071500 -0.014019 0.994905 -0.099833 18.409401 -0.080369 0.098398 0.991896 -1.622400 0.000000 0.000000 0.000000 1.000000
0.996670 0.021806 0.078566 0.071500 -0.013933 0.994950 -0.099400 18.409401 -0.080337 0.097974 0.991941 -1.622400 0.000000 0.000000 0.000000 1.000000
0.996667 0.021699 0.078641 0.071500 -0.013859 0.995001 -0.098897 18.409401 -0.080394 0.097478 0.991985 -1.622400 0.000000 0.000000 0.000000 1.000000
0.996660 0.021594 0.078759 0.071500 -0.013786 0.995054 -0.098373 18.409401 -0.080494 0.096959 0.992028 -1.622400 0.000000 0.000000 0.000000 1.000000
0.996652 0.021485 0.078886 0.071500 -0.013704 0.995103 -0.097886 18.409401 -0.080603 0.096478 0.992066 -1.622400 0.000000 0.000000 0.000000 1.000000
0.996649 0.021356 0.078961 0.071500 -0.013603 0.995147 -0.097453 18.409401 -0.080659 0.096052 0.992103 -1.622400 0.000000 0.000000 0.000000 1.000000
0.996656 0.021197 0.078918 0.071500 -0.013482 0.995189 -0.097046 18.409401 -0.080596 0.095657 0.992146 -1.622400 0.000000 0.000000 0.000000 1.000000
0.996673 0.021002 0.078755 0.071500 -0.013337 0.995232 -0.096623 18.409401 -0.080409 0.095251 0.992200 -1.622400 0.000000 0.000000 0.000000 1.000000
0.996688 0.020802 0.078614 0.071500 -0.013188 0.995279 -0.096158 18.409401 -0.080243 0.094803 0.992257 -1.622400 0.000000 0.000000 0.000000 1.000000
0.996693 0.020619 0.078598 0.071500 -0.013046 0.995328 -0.095664 18.409401 -0.080203 0.094322 0.992306 -1.622400 0.000000 0.000000 0.000000 1.000000
0.996688 0.020480 0.078701 0.071500 -0.012938 0.995376 -0.095175 18.409401 -0.080287 0.093842 0.992345 -1.622400 0.000000 0.000000 0.000000 1.000000
0.996680 0.020370 0.078831 0.071500 -0.012852 0.995421 -0.094723 18.409401 -0.080400 0.093396 0.992378 -1.622400 0.000000 0.000000 0.000000 1.000000
0.996677 0.020262 0.078901 0.071500 -0.012769 0.995458 -0.094337 18.409401 -0.080454 0.093016 0.992409 -1.622400 0.000000 0.000000 0.000000 1.000000
0.996680 0.020153 0.078887 0.071500 -0.012690 0.995493 -0.093983 18.409401 -0.080425 0.092670 0.992443 -1.622400 0.000000 0.000000 0.000000 1.000000
0.996686 0.020061 0.078828 0.071500 -0.012631 0.995525 -0.093649 18.409401 -0.080354 0.092343 0.992480 -1.622400 0.000000 0.000000 0.000000 1.000000
0.996691 0.019989 0.078783 0.071500 -0.012590 0.995557 -0.093319 18.409401 -0.080298 0.092018 0.992514 -1.622400 0.000000 0.000000 0.000000 1.000000
0.996693 0.019937 0.078779 0.071500 -0.012563 0.995585 -0.093020 18.409401 -0.080286 0.091723 0.992543 -1.622400 0.000000 0.000000 0.000000 1.000000
0.996692 0.019904 0.078802 0.071500 -0.012547 0.995607 -0.092781 18.409401 -0.080302 0.091486 0.992563 -1.622400 0.000000 0.000000 0.000000 1.000000
0.996688 0.019899 0.078844 0.071500 -0.012550 0.995621 -0.092632 18.409401 -0.080342 0.091336 0.992574 -1.622400 0.000000 0.000000 0.000000 1.000000
0.996684 0.019931 0.078887 0.071500 -0.012580 0.995623 -0.092609 18.409401 -0.080388 0.091309 0.992573 -1.622400 0.000000 0.000000 0.000000 1.000000
0.996680 0.020006 0.078922 0.071500 -0.012641 0.995611 -0.092732 18.409401 -0.080431 0.091426 0.992558 -1.622400 0.000000 0.000000 0.000000 1.000000
0.996676 0.020099 0.078954 0.071500 -0.012714 0.995589 -0.092958 18.409401 -0.080474 0.091645 0.992535 -1.622400 0.000000 0.000000 0.000000 1.000000
0.996671 0.020202 0.078987 0.071500 -0.012791 0.995563 -0.093223 18.409401 -0.080520 0.091903 0.992507 -1.622400 0.000000 0.000000 0.000000 1.000000
0.996667 0.020297 0.079013 0.071500 -0.012861 0.995535 -0.093511 18.409401 -0.080558 0.092184 0.992478 -1.622400 0.000000 0.000000 0.000000 1.000000
0.996666 0.020384 0.078999 0.071500 -0.012919 0.995500 -0.093874 18.409401 -0.080557 0.092540 0.992445 -1.622400 0.000000 0.000000 0.000000 1.000000
0.996669 0.020459 0.078941 0.071500 -0.012964 0.995458 -0.094314 18.409401 -0.080512 0.092976 0.992408 -1.622400 0.000000 0.000000 0.000000 1.000000
0.996673 0.020532 0.078871 0.071500 -0.013008 0.995416 -0.094747 18.409401 -0.080454 0.093405 0.992372 -1.622400 0.000000 0.000000 0.000000 1.000000
0.996674 0.020614 0.078842 0.071500 -0.013062 0.995379 -0.095127 18.409401 -0.080439 0.093781 0.992338 -1.622400 0.000000 0.000000 0.000000 1.000000
0.996669 0.020715 0.078879 0.071500 -0.013133 0.995347 -0.095457 18.409401 -0.080489 0.094103 0.992303 -1.622400 0.000000 0.000000 0.000000 1.000000
0.996661 0.020832 0.078952 0.071500 -0.013216 0.995315 -0.095777 18.409401 -0.080578 0.094413 0.992267 -1.622400 0.000000 0.000000 0.000000 1.000000
0.996655 0.020944 0.078998 0.071500 -0.013297 0.995281 -0.096121 18.409401 -0.080639 0.094749 0.992230 -1.622400 0.000000 0.000000 0.000000 1.000000
0.996654 0.021023 0.078986 0.071500 -0.013344 0.995242 -0.096518 18.409401 -0.080639 0.095141 0.992192 -1.622400 0.000000 0.000000 0.000000 1.000000
0.996658 0.021073 0.078928 0.071500 -0.013367 0.995203 -0.096916 18.409401 -0.080592 0.095537 0.992158 -1.622400 0.000000 0.000000 0.000000 1.000000
0.996660 0.021153 0.078872 0.071500 -0.013424 0.995168 -0.097264 18.409401 -0.080548 0.095881 0.992128 -1.622400 0.000000 0.000000 0.000000 1.000000
0.996658 0.021260 0.078868 0.071500 -0.013508 0.995139 -0.097549 18.409401 -0.080558 0.096158 0.992101 -1.622400 0.000000 0.000000 0.000000 1.000000
0.996651 0.021387 0.078928 0.071500 -0.013609 0.995112 -0.097806 18.409401 -0.080634 0.096404 0.992071 -1.622400 0.000000 0.000000 0.000000 1.000000
0.996640 0.021524 0.079028 0.071500 -0.013714 0.995084 -0.098078 18.409401 -0.080750 0.096665 0.992036 -1.622400 0.000000 0.000000 0.000000 1.000000
0.996627 0.021670 0.079147 0.071500 -0.013823 0.995052 -0.098384 18.409401 -0.080888 0.096958 0.991996 -1.622400 0.000000 0.000000 0.000000 1.000000
0.996616 0.021800 0.079250 0.071500 -0.013916 0.995019 -0.098710 18.409401 -0.081007 0.097273 0.991956 -1.622400 0.000000 0.000000 0.000000 1.000000
0.996610 0.021911 0.079294 0.071500 -0.013996 0.994985 -0.099038 18.409401 -0.081067 0.097592 0.991919 -1.622400 0.000000 0.000000 0.000000 1.000000
0.996607 0.022011 0.079310 0.071500 -0.014068 0.994952 -0.099359 18.409401 -0.081096 0.097906 0.991886 -1.622400 0.000000 0.000000 0.000000 1.000000
0.996605 0.022101 0.079306 0.071500 -0.014132 0.994921 -0.099666 18.409401 -0.081106 0.098207 0.991855 -1.622400 0.000000 0.000000 0.000000 1.000000
0.996604 0.022182 0.079298 0.071500 -0.014190 0.994891 -0.099954 18.409401 -0.081110 0.098489 0.991827 -1.622400 0.000000 0.000000 0.000000 1.000000
0.996603 0.022255 0.079297 0.071500 -0.014242 0.994863 -0.100220 18.409401 -0.081120 0.098750 0.991800 -1.622400 0.000000 0.000000 0.000000 1.000000
0.996600 0.022320 0.079315 0.071500 -0.014285 0.994838 -0.100463 18.409401 -0.081148 0.098988 0.991774 -1.622400 0.000000 0.000000 0.000000 1.000000
0.996595 0.022357 0.079364 0.071500 -0.014301 0.994817 -0.100669 18.409401 -0.081203 0.099191 0.991750 -1.622400 0.000000 0.000000 0.000000 1.000000
0.996591 0.022386 0.079408 0.071500 -0.014310 0.994799 -0.100849 18.409401 -0.081253 0.099369 0.991728 -1.622400 0.000000 0.000000 0.000000 1.000000
0.996588 0.022424 0.079433 0.071500 -0.014332 0.994782 -0.101010 18.409401 -0.081283 0.099527 0.991709 -1.622400 0.000000 0.000000 0.000000 1.000000
0.996588 0.022471 0.079424 0.071500 -0.014368 0.994767 -0.101154 18.409401 -0.081281 0.099667 0.991695 -1.622400 0.000000 0.000000 0.000000 1.000000
0.996587 0.022519 0.079412 0.071500 -0.014408 0.994755 -0.101268 18.409401 -0.081276 0.099778 0.991685 -1.622400 0.000000 0.000000 0.000000 1.000000
0.996587 0.022555 0.079405 0.071500 -0.014436 0.994744 -0.101366 18.409401 -0.081274 0.099874 0.991675 -1.622400 0.000000 0.000000 0.000000 1.000000
0.996587 0.022578 0.079400 0.071500 -0.014453 0.994736 -0.101447 18.409401 -0.081273 0.099953 0.991667 -1.622400 0.000000 0.000000 0.000000 1.000000</float_array><technique_common><accessor source="#mixamorig_Spine-Matrix-animation-output-transform-array" count="59" stride="16"><param type="float4x4"/></accessor></technique_common></source><source id="mixamorig_Spine-Interpolations"><Name_array id="mixamorig_Spine-Interpolations-array" count="59">
 LINEAR LINEAR LINEAR LINEAR LINEAR LINEAR LINEAR LINEAR LINEAR LINEAR LINEAR
LINEAR LINEAR LINEAR LINEAR LINEAR LINEAR LINEAR LINEAR LINEAR LINEAR LINEAR LINEAR
LINEAR LINEAR LINEAR LINEAR LINEAR LINEAR LINEAR LINEAR LINEAR LINEAR LINEAR LINEAR
LINEAR LINEAR LINEAR LINEAR LINEAR LINEAR LINEAR LINEAR LINEAR LINEAR LINEAR LINEAR
LINEAR LINEAR LINEAR LINEAR LINEAR LINEAR LINEAR LINEAR LINEAR LINEAR LINEAR LINEAR</Name_array><technique_common><accessor source="#mixamorig_Spine-Interpolations-array" count="59"><param type="name"/></accessor></technique_common></source><sampler id="mixamorig_Spine-Matrix-animation-transform"><input semantic="INPUT" source="#mixamorig_Spine-Matrix-animation-input"/><input semantic="OUTPUT" source="#mixamorig_Spine-Matrix-animation-output-transform"/><input semantic="INTERPOLATION" source="#mixamorig_Spine-Interpolations"/></sampler><channel source="#mixamorig_Spine-Matrix-animation-transform" target="mixamorig_Spine/matrix"/></animation>
    <animation id="mixamorig_Spine1-anim" name="mixamorig_Spine1"><source id="mixamorig_Spine1-Matrix-animation-input"><float_array id="mixamorig_Spine1-Matrix-animation-input-array" count="59">

0.000000 0.033333 0.066667 0.100000 0.133333 0.166667 0.200000 0.233333 0.266667 0.300000 0.333333 0.366667 0.400000 0.433333 0.466667 0.500000
0.533333 0.566667 0.600000 0.633333 0.666667 0.700000 0.733333 0.766667 0.800000 0.833333 0.866667 0.900000 0.933333 0.966667 1.000000 1.033333
1.066667 1.100000 1.133333 1.166667 1.200000 1.233333 1.266667 1.300000 1.333333 1.366667 1.400000 1.433333 1.466667 1.500000 1.533333 1.566667
1.600000 1.633333 1.666667 1.700000 1.733333 1.766667 1.800000 1.833333 1.866667 1.900000 1.933333</float_array><technique_common><accessor source="#mixamorig_Spine1-Matrix-animation-input-array" count="59"><param name="TIME" type="float"/></accessor></technique_common></source><source id="mixamorig_Spine1-Matrix-animation-output-transform"><float_array id="mixamorig_Spine1-Matrix-animation-output-transform-array" count="944">

0.986184 0.053092 0.156915 -0.324900 -0.020480 0.979057 -0.202553 20.238400 -0.164382 0.196541 0.966618 -1.377100 0.000000 0.000000 0.000000 1.000000
0.986184 0.053063 0.156923 -0.324900 -0.020467 0.979079 -0.202450 20.238400 -0.164382 0.196442 0.966638 -1.377100 0.000000 0.000000 0.000000 1.000000
0.986185 0.052994 0.156941 -0.324900 -0.020431 0.979124 -0.202232 20.238400 -0.164382 0.196232 0.966681 -1.377100 0.000000 0.000000 0.000000 1.000000
0.986205 0.052849 0.156868 -0.324900 -0.020359 0.979196 -0.201894 20.238400 -0.164274 0.195915 0.966763 -1.377100 0.000000 0.000000 0.000000 1.000000
0.986249 0.052620 0.156665 -0.324900 -0.020252 0.979293 -0.201431 20.238400 -0.164020 0.195488 0.966893 -1.377100 0.000000 0.000000 0.000000 1.000000
0.986345 0.052219 0.156196 -0.324900 -0.020045 0.979416 -0.200855 20.238400 -0.163469 0.194981 0.967089 -1.377100 0.000000 0.000000 0.000000 1.000000
0.986440 0.051820 0.155727 -0.324900 -0.019852 0.979553 -0.200204 20.238400 -0.162917 0.194398 0.967299 -1.377100 0.000000 0.000000 0.000000 1.000000
0.986494 0.051491 0.155491 -0.324900 -0.019698 0.979708 -0.199460 20.238400 -0.162606 0.193703 0.967491 -1.377100 0.000000 0.000000 0.000000 1.000000
0.986508 0.051224 0.155492 -0.324900 -0.019577 0.979884 -0.198603 20.238400 -0.162537 0.192880 0.967667 -1.377100 0.000000 0.000000 0.000000 1.000000
0.986492 0.051001 0.155666 -0.324900 -0.019487 0.980086 -0.197613 20.238400 -0.162644 0.191910 0.967842 -1.377100 0.000000 0.000000 0.000000 1.000000
0.986462 0.050791 0.155923 -0.324900 -0.019402 0.980296 -0.196580 20.238400 -0.162835 0.190894 0.968010 -1.377100 0.000000 0.000000 0.000000 1.000000
0.986430 0.050570 0.156197 -0.324900 -0.019290 0.980490 -0.195619 20.238400 -0.163043 0.189952 0.968161 -1.377100 0.000000 0.000000 0.000000 1.000000
0.986417 0.050294 0.156371 -0.324900 -0.019127 0.980665 -0.194759 20.238400 -0.163143 0.189123 0.968306 -1.377100 0.000000 0.000000 0.000000 1.000000
0.986444 0.049938 0.156317 -0.324900 -0.018920 0.980829 -0.193948 20.238400 -0.163006 0.188361 0.968478 -1.377100 0.000000 0.000000 0.000000 1.000000
0.986510 0.049505 0.156034 -0.324900 -0.018686 0.981000 -0.193104 20.238400 -0.162629 0.187584 0.968692 -1.377100 0.000000 0.000000 0.000000 1.000000
0.986570 0.049076 0.155792 -0.324900 -0.018461 0.981186 -0.192178 20.238400 -0.162292 0.186721 0.968915 -1.377100 0.000000 0.000000 0.000000 1.000000
0.986588 0.048705 0.155793 -0.324900 -0.018256 0.981382 -0.191198 20.238400 -0.162205 0.185790 0.969109 -1.377100 0.000000 0.000000 0.000000 1.000000
0.986565 0.048443 0.156021 -0.324900 -0.018114 0.981572 -0.190233 20.238400 -0.162362 0.184851 0.969262 -1.377100 0.000000 0.000000 0.000000 1.000000
0.986532 0.048238 0.156296 -0.324900 -0.018006 0.981746 -0.189343 20.238400 -0.162576 0.183978 0.969392 -1.377100 0.000000 0.000000 0.000000 1.000000
0.986517 0.048027 0.156453 -0.324900 -0.017895 0.981895 -0.188579 20.238400 -0.162677 0.183237 0.969516 -1.377100 0.000000 0.000000 0.000000 1.000000
0.986530 0.047796 0.156445 -0.324900 -0.017784 0.982032 -0.187877 20.238400 -0.162614 0.182564 0.969653 -1.377100 0.000000 0.000000 0.000000 1.000000
0.986555 0.047589 0.156351 -0.324900 -0.017706 0.982159 -0.187215 20.238400 -0.162470 0.181930 0.969796 -1.377100 0.000000 0.000000 0.000000 1.000000
0.986573 0.047419 0.156283 -0.324900 -0.017659 0.982285 -0.186562 20.238400 -0.162360 0.181297 0.969933 -1.377100 0.000000 0.000000 0.000000 1.000000
0.986578 0.047293 0.156292 -0.324900 -0.017631 0.982397 -0.185971 20.238400 -0.162336 0.180719 0.970045 -1.377100 0.000000 0.000000 0.000000 1.000000
0.986573 0.047209 0.156347 -0.324900 -0.017617 0.982486 -0.185499 20.238400 -0.162366 0.180254 0.970127 -1.377100 0.000000 0.000000 0.000000 1.000000
0.986560 0.047190 0.156436 -0.324900 -0.017630 0.982542 -0.185206 20.238400 -0.162445 0.179959 0.970168 -1.377100 0.000000 0.000000 0.000000 1.000000
0.986544 0.047257 0.156520 -0.324900 -0.017689 0.982549 -0.185163 20.238400 -0.162539 0.179902 0.970163 -1.377100 0.000000 0.000000 0.000000 1.000000
0.986527 0.047419 0.156578 -0.324900 -0.017798 0.982500 -0.185410 20.238400 -0.162630 0.180125 0.970106 -1.377100 0.000000 0.000000 0.000000 1.000000
0.986509 0.047629 0.156622 -0.324900 -0.017923 0.982413 -0.185861 20.238400 -0.162720 0.180547 0.970013 -1.377100 0.000000 0.000000 0.000000 1.000000
0.986491 0.047859 0.156670 -0.324900 -0.018055 0.982310 -0.186391 20.238400 -0.162819 0.181045 0.969903 -1.377100 0.000000 0.000000 0.000000 1.000000
0.986475 0.048070 0.156705 -0.324900 -0.018162 0.982199 -0.186964 20.238400 -0.162903 0.181589 0.969788 -1.377100 0.000000 0.000000 0.000000 1.000000
0.986473 0.048257 0.156660 -0.324900 -0.018236 0.982061 -0.187681 20.238400 -0.162907 0.182285 0.969656 -1.377100 0.000000 0.000000 0.000000 1.000000
0.986486 0.048422 0.156526 -0.324900 -0.018279 0.981894 -0.188549 20.238400 -0.162822 0.183140 0.969510 -1.377100 0.000000 0.000000 0.000000 1.000000
0.986503 0.048582 0.156372 -0.324900 -0.018324 0.981728 -0.189403 20.238400 -0.162716 0.183981 0.969368 -1.377100 0.000000 0.000000 0.000000 1.000000
0.986505 0.048768 0.156298 -0.324900 -0.018397 0.981582 -0.190155 20.238400 -0.162693 0.184714 0.969233 -1.377100 0.000000 0.000000 0.000000 1.000000
0.986486 0.048998 0.156350 -0.324900 -0.018506 0.981452 -0.190812 20.238400 -0.162799 0.185340 0.969095 -1.377100 0.000000 0.000000 0.000000 1.000000
0.986454 0.049261 0.156468 -0.324900 -0.018638 0.981326 -0.191448 20.238400 -0.162977 0.185938 0.968951 -1.377100 0.000000 0.000000 0.000000 1.000000
0.986431 0.049509 0.156533 -0.324900 -0.018758 0.981190 -0.192131 20.238400 -0.163101 0.186588 0.968805 -1.377100 0.000000 0.000000 0.000000 1.000000
0.986430 0.049680 0.156486 -0.324900 -0.018804 0.981035 -0.192915 20.238400 -0.163102 0.187355 0.968657 -1.377100 0.000000 0.000000 0.000000 1.000000
0.986445 0.049783 0.156358 -0.324900 -0.018800 0.980881 -0.193696 20.238400 -0.163012 0.188131 0.968522 -1.377100 0.000000 0.000000 0.000000 1.000000
0.986457 0.049938 0.156232 -0.324900 -0.018863 0.980744 -0.194383 20.238400 -0.162930 0.188803 0.968404 -1.377100 0.000000 0.000000 0.000000 1.000000
0.986450 0.050145 0.156208 -0.324900 -0.018979 0.980630 -0.194946 20.238400 -0.162958 0.189340 0.968295 -1.377100 0.000000 0.000000 0.000000 1.000000
0.986422 0.050402 0.156303 -0.324900 -0.019130 0.980526 -0.195457 20.238400 -0.163110 0.189813 0.968177 -1.377100 0.000000 0.000000 0.000000 1.000000
0.986380 0.050689 0.156475 -0.324900 -0.019290 0.980414 -0.196000 20.238400 -0.163345 0.190312 0.968039 -1.377100 0.000000 0.000000 0.000000 1.000000
0.986332 0.051000 0.156680 -0.324900 -0.019456 0.980289 -0.196609 20.238400 -0.163619 0.190873 0.967882 -1.377100 0.000000 0.000000 0.000000 1.000000
0.986289 0.051284 0.156857 -0.324900 -0.019594 0.980156 -0.197256 20.238400 -0.163860 0.191478 0.967722 -1.377100 0.000000 0.000000 0.000000 1.000000
0.986266 0.051523 0.156923 -0.324900 -0.019708 0.980023 -0.197906 20.238400 -0.163985 0.192095 0.967579 -1.377100 0.000000 0.000000 0.000000 1.000000
0.986253 0.051737 0.156933 -0.324900 -0.019811 0.979892 -0.198543 20.238400 -0.164049 0.192704 0.967447 -1.377100 0.000000 0.000000 0.000000 1.000000
0.986247 0.051925 0.156908 -0.324900 -0.019900 0.979767 -0.199150 20.238400 -0.164074 0.193289 0.967326 -1.377100 0.000000 0.000000 0.000000 1.000000
0.986244 0.052091 0.156876 -0.324900 -0.019975 0.979650 -0.199718 20.238400 -0.164087 0.193837 0.967214 -1.377100 0.000000 0.000000 0.000000 1.000000
0.986239 0.052239 0.156857 -0.324900 -0.020036 0.979541 -0.200244 20.238400 -0.164109 0.194345 0.967108 -1.377100 0.000000 0.000000 0.000000 1.000000
0.986228 0.052371 0.156881 -0.324900 -0.020082 0.979442 -0.200722 20.238400 -0.164167 0.194807 0.967005 -1.377100 0.000000 0.000000 0.000000 1.000000
0.986210 0.052454 0.156965 -0.324900 -0.020079 0.979359 -0.201127 20.238400 -0.164275 0.195202 0.966908 -1.377100 0.000000 0.000000 0.000000 1.000000
0.986194 0.052519 0.157044 -0.324900 -0.020067 0.979287 -0.201481 20.238400 -0.164373 0.195548 0.966821 -1.377100 0.000000 0.000000 0.000000 1.000000
0.986184 0.052599 0.157082 -0.324900 -0.020085 0.979221 -0.201798 20.238400 -0.164432 0.195855 0.966749 -1.377100 0.000000 0.000000 0.000000 1.000000
0.986183 0.052694 0.157053 -0.324900 -0.020137 0.979162 -0.202082 20.238400 -0.164429 0.196127 0.966694 -1.377100 0.000000 0.000000 0.000000 1.000000
0.986183 0.052789 0.157022 -0.324900 -0.020199 0.979114 -0.202308 20.238400 -0.164422 0.196341 0.966652 -1.377100 0.000000 0.000000 0.000000 1.000000
0.986183 0.052857 0.157002 -0.324900 -0.020237 0.979073 -0.202502 20.238400 -0.164420 0.196527 0.966614 -1.377100 0.000000 0.000000 0.000000 1.000000
0.986183 0.052902 0.156988 -0.324900 -0.020257 0.979039 -0.202661 20.238400 -0.164419 0.196681 0.966583 -1.377100 0.000000 0.000000 0.000000 1.000000</float_array><technique_common><accessor source="#mixamorig_Spine1-Matrix-animation-output-transform-array" count="59" stride="16"><param type="float4x4"/></accessor></technique_common></source><source id="mixamorig_Spine1-Interpolations"><Name_array id="mixamorig_Spine1-Interpolations-array" count="59">
 LINEAR LINEAR LINEAR LINEAR LINEAR LINEAR LINEAR LINEAR LINEAR LINEAR LINEAR
LINEAR LINEAR LINEAR LINEAR LINEAR LINEAR LINEAR LINEAR LINEAR LINEAR LINEAR LINEAR
LINEAR LINEAR LINEAR LINEAR LINEAR LINEAR LINEAR LINEAR LINEAR LINEAR LINEAR LINEAR
LINEAR LINEAR LINEAR LINEAR LINEAR LINEAR LINEAR LINEAR LINEAR LINEAR LINEAR LINEAR
LINEAR LINEAR LINEAR LINEAR LINEAR LINEAR LINEAR LINEAR LINEAR LINEAR LINEAR LINEAR</Name_array><technique_common><accessor source="#mixamorig_Spine1-Interpolations-array" count="59"><param type="name"/></accessor></technique_common></source><sampler id="mixamorig_Spine1-Matrix-animation-transform"><input semantic="INPUT" source="#mixamorig_Spine1-Matrix-animation-input"/><input semantic="OUTPUT" source="#mixamorig_Spine1-Matrix-animation-output-transform"/><input semantic="INTERPOLATION" source="#mixamorig_Spine1-Interpolations"/></sampler><channel source="#mixamorig_Spine1-Matrix-animation-transform" target="mixamorig_Spine1/matrix"/></animation>
    <animation id="mixamorig_Spine2-anim" name="mixamorig_Spine2"><source id="mixamorig_Spine2-Matrix-animation-input"><float_array id="mixamorig_Spine2-Matrix-animation-input-array" count="59">

0.000000 0.033333 0.066667 0.100000 0.133333 0.166667 0.200000 0.233333 0.266667 0.300000 0.333333 0.366667 0.400000 0.433333 0.466667 0.500000
0.533333 0.566667 0.600000 0.633333 0.666667 0.700000 0.733333 0.766667 0.800000 0.833333 0.866667 0.900000 0.933333 0.966667 1.000000 1.033333
1.066667 1.100000 1.133333 1.166667 1.200000 1.233333 1.266667 1.300000 1.333333 1.366667 1.400000 1.433333 1.466667 1.500000 1.533333 1.566667
1.600000 1.633333 1.666667 1.700000 1.733333 1.766667 1.800000 1.833333 1.866667 1.900000 1.933333</float_array><technique_common><accessor source="#mixamorig_Spine2-Matrix-animation-input-array" count="59"><param name="TIME" type="float"/></accessor></technique_common></source><source id="mixamorig_Spine2-Matrix-animation-output-transform"><float_array id="mixamorig_Spine2-Matrix-animation-output-transform-array" count="944">

0.986184 0.053092 0.156915 -0.023200 -0.020480 0.979057 -0.202553 24.436899 -0.164382 0.196541 0.966618 -0.257500 0.000000 0.000000 0.000000 1.000000
0.986184 0.053063 0.156923 -0.023200 -0.020467 0.979079 -0.202450 24.436899 -0.164382 0.196442 0.966638 -0.257500 0.000000 0.000000 0.000000 1.000000
0.986185 0.052994 0.156941 -0.023200 -0.020431 0.979124 -0.202233 24.436899 -0.164382 0.196232 0.966681 -0.257500 0.000000 0.000000 0.000000 1.000000
0.986205 0.052849 0.156868 -0.023200 -0.020359 0.979196 -0.201894 24.436899 -0.164274 0.195915 0.966763 -0.257500 0.000000 0.000000 0.000000 1.000000
0.986249 0.052620 0.156665 -0.023200 -0.020252 0.979293 -0.201431 24.436899 -0.164020 0.195488 0.966893 -0.257500 0.000000 0.000000 0.000000 1.000000
0.986345 0.052219 0.156196 -0.023200 -0.020045 0.979416 -0.200855 24.436899 -0.163469 0.194981 0.967089 -0.257500 0.000000 0.000000 0.000000 1.000000
0.986440 0.051820 0.155727 -0.023200 -0.019852 0.979553 -0.200204 24.436899 -0.162917 0.194398 0.967299 -0.257500 0.000000 0.000000 0.000000 1.000000
0.986494 0.051491 0.155491 -0.023200 -0.019698 0.979708 -0.199460 24.436899 -0.162606 0.193703 0.967491 -0.257500 0.000000 0.000000 0.000000 1.000000
0.986508 0.051224 0.155492 -0.023200 -0.019577 0.979884 -0.198603 24.436899 -0.162538 0.192879 0.967667 -0.257500 0.000000 0.000000 0.000000 1.000000
0.986492 0.051001 0.155666 -0.023200 -0.019487 0.980086 -0.197613 24.436899 -0.162645 0.191910 0.967842 -0.257500 0.000000 0.000000 0.000000 1.000000
0.986462 0.050791 0.155923 -0.023200 -0.019402 0.980296 -0.196580 24.436899 -0.162836 0.190894 0.968010 -0.257500 0.000000 0.000000 0.000000 1.000000
0.986430 0.050570 0.156197 -0.023200 -0.019290 0.980490 -0.195619 24.436899 -0.163043 0.189952 0.968161 -0.257500 0.000000 0.000000 0.000000 1.000000
0.986417 0.050294 0.156371 -0.023200 -0.019127 0.980665 -0.194759 24.436899 -0.163143 0.189123 0.968306 -0.257500 0.000000 0.000000 0.000000 1.000000
0.986444 0.049938 0.156317 -0.023200 -0.018920 0.980829 -0.193948 24.436899 -0.163006 0.188361 0.968478 -0.257500 0.000000 0.000000 0.000000 1.000000
0.986510 0.049505 0.156033 -0.023200 -0.018686 0.981000 -0.193104 24.436899 -0.162628 0.187584 0.968692 -0.257500 0.000000 0.000000 0.000000 1.000000
0.986570 0.049076 0.155792 -0.023200 -0.018461 0.981186 -0.192178 24.436899 -0.162292 0.186721 0.968915 -0.257500 0.000000 0.000000 0.000000 1.000000
0.986588 0.048705 0.155793 -0.023200 -0.018256 0.981382 -0.191198 24.436899 -0.162205 0.185790 0.969109 -0.257500 0.000000 0.000000 0.000000 1.000000
0.986565 0.048443 0.156022 -0.023200 -0.018114 0.981572 -0.190233 24.436899 -0.162362 0.184851 0.969262 -0.257500 0.000000 0.000000 0.000000 1.000000
0.986532 0.048238 0.156296 -0.023200 -0.018006 0.981746 -0.189343 24.436899 -0.162576 0.183978 0.969392 -0.257500 0.000000 0.000000 0.000000 1.000000
0.986517 0.048027 0.156453 -0.023200 -0.017895 0.981895 -0.188579 24.436899 -0.162677 0.183237 0.969516 -0.257500 0.000000 0.000000 0.000000 1.000000
0.986529 0.047796 0.156445 -0.023200 -0.017784 0.982032 -0.187877 24.436899 -0.162614 0.182564 0.969653 -0.257500 0.000000 0.000000 0.000000 1.000000
0.986555 0.047589 0.156350 -0.023200 -0.017706 0.982159 -0.187215 24.436899 -0.162470 0.181930 0.969796 -0.257500 0.000000 0.000000 0.000000 1.000000
0.986573 0.047419 0.156283 -0.023200 -0.017659 0.982285 -0.186562 24.436899 -0.162360 0.181297 0.969933 -0.257500 0.000000 0.000000 0.000000 1.000000
0.986578 0.047293 0.156292 -0.023200 -0.017631 0.982397 -0.185971 24.436899 -0.162335 0.180719 0.970045 -0.257500 0.000000 0.000000 0.000000 1.000000
0.986573 0.047209 0.156347 -0.023200 -0.017617 0.982486 -0.185499 24.436899 -0.162367 0.180254 0.970127 -0.257500 0.000000 0.000000 0.000000 1.000000
0.986560 0.047190 0.156436 -0.023200 -0.017630 0.982542 -0.185206 24.436899 -0.162445 0.179959 0.970168 -0.257500 0.000000 0.000000 0.000000 1.000000
0.986544 0.047257 0.156520 -0.023200 -0.017689 0.982549 -0.185163 24.436899 -0.162539 0.179902 0.970163 -0.257500 0.000000 0.000000 0.000000 1.000000
0.986527 0.047419 0.156578 -0.023200 -0.017798 0.982500 -0.185410 24.436899 -0.162630 0.180125 0.970106 -0.257500 0.000000 0.000000 0.000000 1.000000
0.986509 0.047629 0.156622 -0.023200 -0.017923 0.982412 -0.185861 24.436899 -0.162720 0.180547 0.970013 -0.257500 0.000000 0.000000 0.000000 1.000000
0.986491 0.047859 0.156670 -0.023200 -0.018055 0.982310 -0.186391 24.436899 -0.162819 0.181045 0.969903 -0.257500 0.000000 0.000000 0.000000 1.000000
0.986475 0.048070 0.156704 -0.023200 -0.018162 0.982199 -0.186964 24.436899 -0.162902 0.181590 0.969788 -0.257500 0.000000 0.000000 0.000000 1.000000
0.986473 0.048257 0.156660 -0.023200 -0.018236 0.982061 -0.187681 24.436899 -0.162907 0.182285 0.969656 -0.257500 0.000000 0.000000 0.000000 1.000000
0.986486 0.048422 0.156526 -0.023200 -0.018279 0.981894 -0.188549 24.436899 -0.162822 0.183139 0.969510 -0.257500 0.000000 0.000000 0.000000 1.000000
