<?xml version="1.0" encoding="utf-8"?>
<COLLADA xmlns="http://www.collada.org/2005/11/COLLADASchema" version="1.4.1">
  <asset><contributor><author>Mixamo</author><authoring_tool>COLLADA Mixamo exporter</authoring_tool><comments></comments></contributor><created>2018-10-11T18:32:20Z</created><modified>2018-10-11T18:32:20Z</modified><revision></revision><title></title><unit meter="0.010000"/><up_axis>Y_UP</up_axis></asset>
  <library_animations>
    <animation id="mixamorig_Hips-anim" name="mixamorig_Hips"><source id="mixamorig_Hips-Matrix-animation-input"><float_array id="mixamorig_Hips-Matrix-animation-input-array" count="20">

0.000000 0.033333 0.066667 0.100000 0.133333 0.166667 0.200000 0.233333 0.266667 0.300000 0.333333 0.366667 0.400000 0.433333 0.466667 0.500000
0.533333 0.566667 0.600000 0.633333</float_array><technique_common><accessor source="#mixamorig_Hips-Matrix-animation-input-array" count="20"><param name="TIME" type="float"/></accessor></technique_common></source><source id="mixamorig_Hips-Matrix-animation-output-transform"><float_array id="mixamorig_Hips-Matrix-animation-output-transform-array" count="320">

0.992703 0.056474 -0.106543 0.854708 -0.070568 0.988529 -0.133535 185.269791 0.097780 0.140079 0.985300 2.798252 0.000000 0.000000 0.000000 1.000000
0.995881 0.024704 -0.087245 0.230297 -0.037046 0.989056 -0.142815 188.120499 0.082762 0.145459 0.985897 42.698395 0.000000 0.000000 0.000000 1.000000
0.997775 0.003162 -0.066595 -0.521761 -0.014534 0.985166 -0.170989 192.572372 0.065066 0.171576 0.983020 79.990692 0.000000 0.000000 0.000000 1.000000
0.998445 0.014796 -0.053751 -0.984856 -0.024173 0.983691 -0.178234 194.792694 0.050237 0.179257 0.982519 117.299713 0.000000 0.000000 0.000000 1.000000
0.999780 0.014084 -0.015561 -1.374145 -0.016224 0.988963 -0.147270 193.854187 0.013316 0.147490 0.988974 152.993729 0.000000 0.000000 0.000000 1.000000
0.998243 -0.007569 0.058770 -1.219131 0.014350 0.993164 -0.115841 190.002487 -0.057492 0.116481 0.991528 189.120804 0.000000 0.000000 0.000000 1.000000
0.991006 -0.043446 0.126570 -1.049325 0.058123 0.991700 -0.114682 186.564240 -0.120537 0.121007 0.985306 226.272583 0.000000 0.000000 0.000000 1.000000
0.983683 -0.094803 0.152908 -0.035560 0.116701 0.983071 -0.141254 183.700256 -0.136928 0.156794 0.978093 258.177307 0.000000 0.000000 0.000000 1.000000
0.980591 -0.113698 0.159730 0.055526 0.141433 0.974418 -0.174660 181.321808 -0.135786 0.193861 0.971586 294.299072 0.000000 0.000000 0.000000 1.000000
0.985394 -0.069151 0.155616 0.519621 0.099698 0.975121 -0.197990 182.761902 -0.138053 0.210613 0.967772 336.316437 0.000000 0.000000 0.000000 1.000000
0.987658 -0.027149 0.154252 1.533496 0.059282 0.976387 -0.207733 184.825516 -0.144970 0.214314 0.965947 381.057190 0.000000 0.000000 0.000000 1.000000
0.988267 -0.008281 0.152512 2.446698 0.041031 0.976219 -0.212870 189.925110 -0.147123 0.216630 0.965104 420.678253 0.000000 0.000000 0.000000 1.000000
0.989689 -0.010894 0.142816 2.293468 0.041531 0.976094 -0.213345 193.959366 -0.137078 0.217076 0.966482 458.761444 0.000000 0.000000 0.000000 1.000000
0.990761 -0.012460 0.135049 2.300298 0.039333 0.979371 -0.198206 195.773376 -0.129793 0.201686 0.970812 494.418640 0.000000 0.000000 0.000000 1.000000
0.992814 -0.017913 0.118316 2.274459 0.038255 0.984359 -0.171969 194.813721 -0.113385 0.175260 0.977971 531.799500 0.000000 0.000000 0.000000 1.000000
0.997168 -0.025268 0.070831 2.448544 0.036234 0.986759 -0.158095 191.736847 -0.065898 0.160214 0.984880 567.663574 0.000000 0.000000 0.000000 1.000000
0.999843 -0.007960 -0.015859 2.332307 0.005251 0.986434 -0.164075 189.321869 0.016950 0.163966 0.986320 605.405823 0.000000 0.000000 0.000000 1.000000
0.995661 0.028151 -0.088691 1.589951 -0.042149 0.986193 -0.160145 187.334198 0.082958 0.163189 0.983101 641.943237 0.000000 0.000000 0.000000 1.000000
0.991743 0.061870 -0.112329 1.259339 -0.077695 0.986745 -0.142473 185.322098 0.102026 0.150024 0.983404 677.016907 0.000000 0.000000 0.000000 1.000000
0.992703 0.056474 -0.106543 0.854712 -0.070568 0.988529 -0.133535 185.269760 0.097780 0.140079 0.985300 718.046021 0.000000 0.000000 0.000000 1.000000</float_array><technique_common><accessor source="#mixamorig_Hips-Matrix-animation-output-transform-array" count="20" stride="16"><param type="float4x4"/></accessor></technique_common></source><source id="mixamorig_Hips-Interpolations"><Name_array id="mixamorig_Hips-Interpolations-array" count="20">
 LINEAR LINEAR LINEAR LINEAR LINEAR LINEAR LINEAR LINEAR LINEAR LINEAR LINEAR
LINEAR LINEAR LINEAR LINEAR LINEAR LINEAR LINEAR LINEAR LINEAR</Name_array><technique_common><accessor source="#mixamorig_Hips-Interpolations-array" count="20"><param type="name"/></accessor></technique_common></source><sampler id="mixamorig_Hips-Matrix-animation-transform"><input semantic="INPUT" source="#mixamorig_Hips-Matrix-animation-input"/><input semantic="OUTPUT" source="#mixamorig_Hips-Matrix-animation-output-transform"/><input semantic="INTERPOLATION" source="#mixamorig_Hips-Interpolations"/></sampler><channel source="#mixamorig_Hips-Matrix-animation-transform" target="mixamorig_Hips/matrix"/></animation>
    <animation id="mixamorig_Spine-anim" name="mixamorig_Spine"><source id="mixamorig_Spine-Matrix-animation-input"><float_array id="mixamorig_Spine-Matrix-animation-input-array" count="20">

0.000000 0.033333 0.066667 0.100000 0.133333 0.166667 0.200000 0.233333 0.266667 0.300000 0.333333 0.366667 0.400000 0.433333 0.466667 0.500000
0.533333 0.566667 0.600000 0.633333</float_array><technique_common><accessor source="#mixamorig_Spine-Matrix-animation-input-array" count="20"><param name="TIME" type="float"/></accessor></technique_common></source><source id="mixamorig_Spine-Matrix-animation-output-transform"><float_array id="mixamorig_Spine-Matrix-animation-output-transform-array" count="320">

0.967981 -0.016678 0.250469 0.006200 0.074246 0.972169 -0.222203 19.525000 -0.239792 0.233684 0.942280 -2.481800 0.000000 0.000000 0.000000 1.000000
0.961783 0.018153 0.273209 0.006200 0.024325 0.988190 -0.151291 19.525000 -0.272729 0.152154 0.949983 -2.481800 0.000000 0.000000 0.000000 1.000000
0.958210 0.028628 0.284630 0.006200 -0.007311 0.997106 -0.075675 19.525000 -0.285973 0.070432 0.955646 -2.481800 0.000000 0.000000 0.000000 1.000000
0.957958 0.003919 0.286883 0.006200 0.010531 0.998753 -0.048808 19.525000 -0.286716 0.049777 0.956722 -2.481800 0.000000 0.000000 0.000000 1.000000
0.970678 0.016903 0.239788 0.006200 0.008343 0.994555 -0.103881 19.525000 -0.240238 0.102835 0.965252 -2.481800 0.000000 0.000000 0.000000 1.000000
0.988450 0.065950 0.136441 0.006200 -0.040164 0.982150 -0.183762 19.525000 -0.146125 0.176159 0.973455 -2.481800 0.000000 0.000000 0.000000 1.000000
0.993319 0.114546 0.014033 0.006200 -0.107918 0.965078 -0.238702 19.525000 -0.040885 0.235593 0.970991 -2.481800 0.000000 0.000000 0.000000 1.000000
0.983689 0.157112 -0.087584 0.006200 -0.174391 0.952323 -0.250335 19.525000 0.044078 0.261526 0.964189 -2.481800 0.000000 0.000000 0.000000 1.000000
0.970300 0.171369 -0.170736 0.006200 -0.204128 0.958763 -0.197749 19.525000 0.129808 0.226728 0.965269 -2.481800 0.000000 0.000000 0.000000 1.000000
0.962592 0.133511 -0.235779 0.006200 -0.159690 0.982529 -0.095587 19.525000 0.218897 0.129663 0.967094 -2.481800 0.000000 0.000000 0.000000 1.000000
0.953588 0.087027 -0.288265 0.006200 -0.089954 0.995941 0.003103 19.525000 0.287366 0.022971 0.957545 -2.481800 0.000000 0.000000 0.000000 1.000000
0.948651 0.055846 -0.311356 0.006200 -0.041440 0.997750 0.052698 19.525000 0.313599 -0.037089 0.948831 -2.481800 0.000000 0.000000 0.000000 1.000000
0.951263 0.053693 -0.303671 0.006200 -0.037978 0.997627 0.057427 19.525000 0.306034 -0.043096 0.951045 -2.481800 0.000000 0.000000 0.000000 1.000000
0.958419 0.052333 -0.280524 0.006200 -0.046551 0.998544 0.027238 19.525000 0.281541 -0.013047 0.959461 -2.481800 0.000000 0.000000 0.000000 1.000000
0.972434 0.041194 -0.229510 0.006200 -0.050778 0.998061 -0.036009 19.525000 0.227582 0.046670 0.972640 -2.481800 0.000000 0.000000 0.000000 1.000000
0.990732 0.021174 -0.134171 0.006200 -0.038214 0.991328 -0.125728 19.525000 0.130345 0.129690 0.982950 -2.481800 0.000000 0.000000 0.000000 1.000000
0.999974 -0.007234 0.000107 0.006200 0.007092 0.977270 -0.211880 19.525000 0.001428 0.211875 0.977296 -2.481800 0.000000 0.000000 0.000000 1.000000
0.992469 -0.031090 0.118488 0.006200 0.061101 0.963983 -0.258850 19.525000 -0.106173 0.264140 0.958623 -2.481800 0.000000 0.000000 0.000000 1.000000
0.978629 -0.041288 0.201445 0.006200 0.093886 0.961282 -0.259079 19.525000 -0.182948 0.272455 0.944615 -2.481800 0.000000 0.000000 0.000000 1.000000
0.967981 -0.016678 0.250469 0.006200 0.074246 0.972169 -0.222203 19.525000 -0.239792 0.233684 0.942280 -2.481800 0.000000 0.000000 0.000000 1.000000</float_array><technique_common><accessor source="#mixamorig_Spine-Matrix-animation-output-transform-array" count="20" stride="16"><param type="float4x4"/></accessor></technique_common></source><source id="mixamorig_Spine-Interpolations"><Name_array id="mixamorig_Spine-Interpolations-array" count="20">
 LINEAR LINEAR LINEAR LINEAR LINEAR LINEAR LINEAR LINEAR LINEAR LINEAR LINEAR
LINEAR LINEAR LINEAR LINEAR LINEAR LINEAR LINEAR LINEAR LINEAR</Name_array><technique_common><accessor source="#mixamorig_Spine-Interpolations-array" count="20"><param type="name"/></accessor></technique_common></source><sampler id="mixamorig_Spine-Matrix-animation-transform"><input semantic="INPUT" source="#mixamorig_Spine-Matrix-animation-input"/><input semantic="OUTPUT" source="#mixamorig_Spine-Matrix-animation-output-transform"/><input semantic="INTERPOLATION" source="#mixamorig_Spine-Interpolations"/></sampler><channel source="#mixamorig_Spine-Matrix-animation-transform" target="mixamorig_Spine/matrix"/></animation>
    <animation id="mixamorig_Spine1-anim" name="mixamorig_Spine1"><source id="mixamorig_Spine1-Matrix-animation-input"><float_array id="mixamorig_Spine1-Matrix-animation-input-array" count="20">

0.000000 0.033333 0.066667 0.100000 0.133333 0.166667 0.200000 0.233333 0.266667 0.300000 0.333333 0.366667 0.400000 0.433333 0.466667 0.500000
0.533333 0.566667 0.600000 0.633333</float_array><technique_common><accessor source="#mixamorig_Spine1-Matrix-animation-input-array" count="20"><param name="TIME" type="float"/></accessor></technique_common></source><source id="mixamorig_Spine1-Matrix-animation-output-transform"><float_array id="mixamorig_Spine1-Matrix-animation-output-transform-array" count="320">

0.999243 -0.023499 0.031011 -0.000900 0.021621 0.997990 0.059566 22.834999 -0.032348 -0.058850 0.997743 -2.825400 0.000000 0.000000 0.000000 1.000000
0.999175 -0.020938 0.034810 -0.000900 0.019703 0.999177 0.035465 22.834999 -0.035524 -0.034750 0.998764 -2.825400 0.000000 0.000000 0.000000 1.000000
0.999249 -0.009783 0.037500 -0.000900 0.009432 0.999910 0.009519 22.834999 -0.037590 -0.009158 0.999251 -2.825400 0.000000 0.000000 0.000000 1.000000
0.999255 0.003117 0.038472 -0.000900 -0.003075 0.999995 -0.001151 22.834999 -0.038475 0.001032 0.999259 -2.825400 0.000000 0.000000 0.000000 1.000000
0.999478 -0.000892 0.032280 -0.000900 0.000780 0.999994 0.003508 22.834999 -0.032283 -0.003481 0.999473 -2.825400 0.000000 0.000000 0.000000 1.000000
0.999529 -0.025089 0.017676 -0.000900 0.024716 0.999473 0.021065 22.834999 -0.018195 -0.020618 0.999622 -2.825400 0.000000 0.000000 0.000000 1.000000
0.998625 -0.052416 0.001135 -0.000900 0.052297 0.997412 0.049346 22.834999 -0.003719 -0.049219 0.998781 -2.825400 0.000000 0.000000 0.000000 1.000000
0.997510 -0.069542 -0.011704 -0.000900 0.070124 0.995710 0.060369 22.834999 0.007456 -0.061039 0.998108 -2.825400 0.000000 0.000000 0.000000 1.000000
0.996741 -0.077602 -0.022023 -0.000900 0.078264 0.996452 0.030966 22.834999 0.019542 -0.032589 0.999278 -2.825400 0.000000 0.000000 0.000000 1.000000
0.996902 -0.072010 -0.031625 -0.000900 0.071724 0.997373 -0.010096 22.834999 0.032269 0.007797 0.999449 -2.825400 0.000000 0.000000 0.000000 1.000000
0.997688 -0.055681 -0.038977 -0.000900 0.054370 0.997945 -0.033911 22.834999 0.040785 0.031713 0.998665 -2.825400 0.000000 0.000000 0.000000 1.000000
0.998006 -0.047754 -0.041273 -0.000900 0.045921 0.997964 -0.044259 22.834999 0.043302 0.042275 0.998167 -2.825400 0.000000 0.000000 0.000000 1.000000
0.997777 -0.053824 -0.039295 -0.000900 0.051931 0.997510 -0.047714 22.834999 0.041765 0.045567 0.998088 -2.825400 0.000000 0.000000 0.000000 1.000000
0.997266 -0.064294 -0.036413 -0.000900 0.062720 0.997111 -0.042850 22.834999 0.039062 0.040449 0.998418 -2.825400 0.000000 0.000000 0.000000 1.000000
0.997285 -0.066722 -0.031153 -0.000900 0.065908 0.997475 -0.026454 22.834999 0.032840 0.024329 0.999164 -2.825400 0.000000 0.000000 0.000000 1.000000
0.998528 -0.050592 -0.019534 -0.000900 0.050572 0.998719 -0.001562 22.834999 0.019588 0.000571 0.999808 -2.825400 0.000000 0.000000 0.000000 1.000000
0.999602 -0.028047 -0.003074 -0.000900 0.028113 0.999320 0.023874 22.834999 0.002403 -0.023951 0.999710 -2.825400 0.000000 0.000000 0.000000 1.000000
0.999750 -0.018421 0.012657 -0.000900 0.017803 0.998721 0.047329 22.834999 -0.013512 -0.047092 0.998799 -2.825400 0.000000 0.000000 0.000000 1.000000
0.999506 -0.020339 0.023959 -0.000900 0.018771 0.997777 0.063940 22.834999 -0.025207 -0.063459 0.997666 -2.825400 0.000000 0.000000 0.000000 1.000000
0.999243 -0.023499 0.031011 -0.000900 0.021621 0.997990 0.059566 22.834999 -0.032348 -0.058850 0.997743 -2.825400 0.000000 0.000000 0.000000 1.000000</float_array><technique_common><accessor source="#mixamorig_Spine1-Matrix-animation-output-transform-array" count="20" stride="16"><param type="float4x4"/></accessor></technique_common></source><source id="mixamorig_Spine1-Interpolations"><Name_array id="mixamorig_Spine1-Interpolations-array" count="20">
 LINEAR LINEAR LINEAR LINEAR LINEAR LINEAR LINEAR LINEAR LINEAR LINEAR LINEAR
LINEAR LINEAR LINEAR LINEAR LINEAR LINEAR LINEAR LINEAR LINEAR</Name_array><technique_common><accessor source="#mixamorig_Spine1-Interpolations-array" count="20"><param type="name"/></accessor></technique_common></source><sampler id="mixamorig_Spine1-Matrix-animation-transform"><input semantic="INPUT" source="#mixamorig_Spine1-Matrix-animation-input"/><input semantic="OUTPUT" source="#mixamorig_Spine1-Matrix-animation-output-transform"/><input semantic="INTERPOLATION" source="#mixamorig_Spine1-Interpolations"/></sampler><channel source="#mixamorig_Spine1-Matrix-animation-transform" target="mixamorig_Spine1/matrix"/></animation>
    <animation id="mixamorig_Spine2-anim" name="mixamorig_Spine2"><source id="mixamorig_Spine2-Matrix-animation-input"><float_array id="mixamorig_Spine2-Matrix-animation-input-array" count="20">

0.000000 0.033333 0.066667 0.100000 0.133333 0.166667 0.200000 0.233333 0.266667 0.300000 0.333333 0.366667 0.400000 0.433333 0.466667 0.500000
0.533333 0.566667 0.600000 0.633333</float_array><technique_common><accessor source="#mixamorig_Spine2-Matrix-animation-input-array" count="20"><param name="TIME" type="float"/></accessor></technique_common></source><source id="mixamorig_Spine2-Matrix-animation-output-transform"><float_array id="mixamorig_Spine2-Matrix-animation-output-transform-array" count="320">

0.999290 -0.021294 0.031079 -0.020600 0.019439 0.998081 0.058792 26.552500 -0.032272 -0.058146 0.997786 -3.193300 0.000000 0.000000 0.000000 1.000000
0.999221 -0.018706 0.034738 -0.020600 0.017455 0.999201 0.035959 26.552500 -0.035383 -0.035325 0.998749 -3.193300 0.000000 0.000000 0.000000 1.000000
0.999258 -0.008614 0.037537 -0.020600 0.008214 0.999908 0.010815 26.552500 -0.037627 -0.010499 0.999237 -3.193300 0.000000 0.000000 0.000000 1.000000
0.999260 0.003009 0.038336 -0.020600 -0.002961 0.999995 -0.001298 26.552500 -0.038340 0.001184 0.999264 -3.193300 0.000000 0.000000 0.000000 1.000000
0.999489 -0.001088 0.031947 -0.020600 0.001007 0.999996 0.002529 26.552500 -0.031949 -0.002496 0.999486 -3.193300 0.000000 0.000000 0.000000 1.000000
0.999557 -0.023862 0.017789 -0.020600 0.023460 0.999472 0.022467 26.552500 -0.018315 -0.022040 0.999589 -3.193300 0.000000 0.000000 0.000000 1.000000
0.998673 -0.051478 0.001280 -0.020600 0.051347 0.997394 0.050674 26.552500 -0.003885 -0.050541 0.998714 -3.193300 0.000000 0.000000 0.000000 1.000000
0.997414 -0.070879 -0.011866 -0.020600 0.071459 0.995695 0.059037 26.552500 0.007630 -0.059733 0.998185 -3.193300 0.000000 0.000000 0.000000 1.000000
0.996714 -0.078104 -0.021468 -0.020600 0.078616 0.996613 0.024145 26.552500 0.019510 -0.025754 0.999478 -3.193300 0.000000 0.000000 0.000000 1.000000
0.997044 -0.070676 -0.030134 -0.020600 0.069563 0.996909 -0.036512 26.552500 0.032621 0.034308 0.998879 -3.193300 0.000000 0.000000 0.000000 1.000000
0.997841 -0.053959 -0.037451 -0.020600 0.050548 0.994950 -0.086710 26.552500 0.041940 0.084630 0.995529 -3.193300 0.000000 0.000000 0.000000 1.000000
0.998209 -0.044020 -0.040515 -0.020600 0.039212 0.992860 -0.112652 26.552500 0.045184 0.110862 0.992808 -3.193300 0.000000 0.000000 0.000000 1.000000
0.998012 -0.049291 -0.039274 -0.020600 0.044288 0.991857 -0.119405 26.552500 0.044840 0.117428 0.992069 -3.193300 0.000000 0.000000 0.000000 1.000000
0.997474 -0.061174 -0.036089 -0.020600 0.056991 0.992587 -0.107343 26.552500 0.042388 0.105015 0.993567 -3.193300 0.000000 0.000000 0.000000 1.000000
0.997507 -0.063773 -0.030218 -0.020600 0.061484 0.995549 -0.071426 26.552500 0.034638 0.069390 0.996988 -3.193300 0.000000 0.000000 0.000000 1.000000
0.998568 -0.050077 -0.018819 -0.020600 0.049683 0.998548 -0.020833 26.552500 0.019835 0.019868 0.999606 -3.193300 0.000000 0.000000 0.000000 1.000000
0.999509 -0.031199 -0.002786 -0.020600 0.031254 0.999255 0.022655 26.552500 0.002077 -0.022731 0.999739 -3.193300 0.000000 0.000000 0.000000 1.000000
0.999697 -0.020906 0.012988 -0.020600 0.020235 0.998553 0.049828 26.552500 -0.014011 -0.049551 0.998673 -3.193300 0.000000 0.000000 0.000000 1.000000
0.999507 -0.019887 0.024299 -0.020600 0.018306 0.997806 0.063618 26.552500 -0.025511 -0.063142 0.997678 -3.193300 0.000000 0.000000 0.000000 1.000000
0.999290 -0.021294 0.031079 -0.020600 0.019439 0.998081 0.058792 26.552500 -0.032272 -0.058146 0.997786 -3.193300 0.000000 0.000000 0.000000 1.000000</float_array><technique_common><accessor source="#mixamorig_Spine2-Matrix-animation-output-transform-array" count="20" stride="16"><param type="float4x4"/></accessor></technique_common></source><source id="mixamorig_Spine2-Interpolations"><Name_array id="mixamorig_Spine2-Interpolations-array" count="20">
 LINEAR LINEAR LINEAR LINEAR LINEAR LINEAR LINEAR LINEAR LINEAR LINEAR LINEAR
LINEAR LINEAR LINEAR LINEAR LINEAR LINEAR LINEAR LINEAR LINEAR</Name_array><technique_common><accessor source="#mixamorig_Spine2-Interpolations-array" count="20"><param type="name"/></accessor></technique_common></source><sampler id="mixamorig_Spine2-Matrix-animation-transform"><input semantic="INPUT" source="#mixamorig_Spine2-Matrix-animation-input"/><input semantic="OUTPUT" source="#mixamorig_Spine2-Matrix-animation-output-transform"/><input semantic="INTERPOLATION" source="#mixamorig_Spine2-Interpolations"/></sampler><channel source="#mixamorig_Spine2-Matrix-animation-transform" target="mixamorig_Spine2/matrix"/></animation>
    <animation id="mixamorig_Neck-anim" name="mixamorig_Neck"><source id="mixamorig_Neck-Matrix-animation-input"><float_array id="mixamorig_Neck-Matrix-animation-input-array" count="20">

0.000000 0.033333 0.066667 0.100000 0.133333 0.166667 0.200000 0.233333 0.266667 0.300000 0.333333 0.366667 0.400000 0.433333 0.466667 0.500000
0.533333 0.566667 0.600000 0.633333</float_array><technique_common><accessor source="#mixamorig_Neck-Matrix-animation-input-array" count="20"><param name="TIME" type="float"/></accessor></technique_common></source><source id="mixamorig_Neck-Matrix-animation-output-transform"><float_array id="mixamorig_Neck-Matrix-animation-output-transform-array" count="320">

0.997638 0.053298 -0.043326 -0.060000 -0.056499 0.995476 -0.076387 30.701799 0.039059 0.078654 0.996136 1.352200 0.000000 0.000000 0.000000 1.000000
0.997311 0.049108 -0.054405 -0.060000 -0.054384 0.993483 -0.100173 30.701799 0.049131 0.102862 0.993482 1.352200 0.000000 0.000000 0.000000 1.000000
0.997083 0.045154 -0.061533 -0.060000 -0.050623 0.994615 -0.090430 30.701799 0.057118 0.093281 0.994000 1.352200 0.000000 0.000000 0.000000 1.000000
0.996757 0.048899 -0.063912 -0.060000 -0.052870 0.996675 -0.062000 30.701799 0.060668 0.065178 0.996028 1.352200 0.000000 0.000000 0.000000 1.000000
0.995863 0.068002 -0.060279 -0.060000 -0.070621 0.996600 -0.042446 30.701799 0.057188 0.046527 0.997279 1.352200 0.000000 0.000000 0.000000 1.000000
0.994636 0.089707 -0.051491 -0.060000 -0.091971 0.994814 -0.043422 30.701799 0.047329 0.047925 0.997729 1.352200 0.000000 0.000000 0.000000 1.000000
0.994640 0.095922 -0.038607 -0.060000 -0.097871 0.993827 -0.052241 30.701799 0.033358 0.055739 0.997888 1.352200 0.000000 0.000000 0.000000 1.000000
0.996559 0.079799 -0.022407 -0.060000 -0.080795 0.995585 -0.047783 30.701799 0.018495 0.049429 0.998606 1.352200 0.000000 0.000000 0.000000 1.000000
0.998655 0.051652 -0.004504 -0.060000 -0.051756 0.998294 -0.027033 30.701799 0.003100 0.027230 0.999624 1.352200 0.000000 0.000000 0.000000 1.000000
0.999509 0.028960 0.011937 -0.060000 -0.028894 0.999566 -0.005667 30.701799 -0.012096 0.005319 0.999913 1.352200 0.000000 0.000000 0.000000 1.000000
0.999507 0.020664 0.023652 -0.060000 -0.020779 0.999773 0.004617 30.701799 -0.023551 -0.005106 0.999710 1.352200 0.000000 0.000000 0.000000 1.000000
0.999336 0.021562 0.029367 -0.060000 -0.021808 0.999729 0.008093 30.701799 -0.029184 -0.008728 0.999536 1.352200 0.000000 0.000000 0.000000 1.000000
0.999316 0.021724 0.029918 -0.060000 -0.022144 0.999660 0.013776 30.701799 -0.029608 -0.014429 0.999457 1.352200 0.000000 0.000000 0.000000 1.000000
0.999471 0.018756 0.026575 -0.060000 -0.019365 0.999551 0.022874 30.701799 -0.026134 -0.023376 0.999385 1.352200 0.000000 0.000000 0.000000 1.000000
0.999633 0.018272 0.019987 -0.060000 -0.018884 0.999346 0.030853 30.701799 -0.019410 -0.031219 0.999324 1.352200 0.000000 0.000000 0.000000 1.000000
0.999631 0.025008 0.010565 -0.060000 -0.025352 0.999107 0.033806 30.701799 -0.009710 -0.034061 0.999373 1.352200 0.000000 0.000000 0.000000 1.000000
0.999300 0.037395 -0.001129 -0.060000 -0.037349 0.998912 0.027921 30.701799 0.002172 -0.027859 0.999609 1.352200 0.000000 0.000000 0.000000 1.000000
0.998672 0.049430 -0.014514 -0.060000 -0.049315 0.998750 0.008158 30.701799 0.014899 -0.007432 0.999861 1.352200 0.000000 0.000000 0.000000 1.000000
0.998074 0.054768 -0.029129 -0.060000 -0.055647 0.997992 -0.030258 30.701799 0.027414 0.031820 0.999118 1.352200 0.000000 0.000000 0.000000 1.000000
0.997638 0.053298 -0.043326 -0.060000 -0.056499 0.995476 -0.076387 30.701799 0.039059 0.078654 0.996136 1.352200 0.000000 0.000000 0.000000 1.000000</float_array><technique_common><accessor source="#mixamorig_Neck-Matrix-animation-output-transform-array" count="20" stride="16"><param type="float4x4"/></accessor></technique_common></source><source id="mixamorig_Neck-Interpolations"><Name_array id="mixamorig_Neck-Interpolations-array" count="20">
 LINEAR LINEAR LINEAR LINEAR LINEAR LINEAR LINEAR LINEAR LINEAR LINEAR LINEAR
LINEAR LINEAR LINEAR LINEAR LINEAR LINEAR LINEAR LINEAR LINEAR</Name_array><technique_common><accessor source="#mixamorig_Neck-Interpolations-array" count="20"><param type="name"/></accessor></technique_common></source><sampler id="mixamorig_Neck-Matrix-animation-transform"><input semantic="INPUT" source="#mixamorig_Neck-Matrix-animation-input"/><input semantic="OUTPUT" source="#mixamorig_Neck-Matrix-animation-output-transform"/><input semantic="INTERPOLATION" source="#mixamorig_Neck-Interpolations"/></sampler><channel source="#mixamorig_Neck-Matrix-animation-transform" target="mixamorig_Neck/matrix"/></animation>
    <animation id="mixamorig_Head-anim" name="mixamorig_Head"><source id="mixamorig_Head-Matrix-animation-input"><float_array id="mixamorig_Head-Matrix-animation-input-array" count="20">

0.000000 0.033333 0.066667 0.100000 0.133333 0.166667 0.200000 0.233333 0.266667 0.300000 0.333333 0.366667 0.400000 0.433333 0.466667 0.500000
0.533333 0.566667 0.600000 0.633333</float_array><technique_common><accessor source="#mixamorig_Head-Matrix-animation-input-array" count="20"><param name="TIME" type="float"/></accessor></technique_common></source><source id="mixamorig_Head-Matrix-animation-output-transform"><float_array id="mixamorig_Head-Matrix-animation-output-transform-array" count="320">

0.993232 0.004900 -0.116040 -0.087200 0.034669 0.941052 0.336481 22.547600 0.110848 -0.338227 0.934513 3.670900 0.000000 0.000000 0.000000 1.000000
0.984829 0.005854 -0.173431 -0.087200 0.047660 0.951873 0.302764 22.547600 0.166857 -0.306436 0.937153 3.670900 0.000000 0.000000 0.000000 1.000000
0.977517 0.008230 -0.210696 -0.087200 0.051257 0.959990 0.275302 22.547600 0.204531 -0.279912 0.937985 3.670900 0.000000 0.000000 0.000000 1.000000
0.974699 0.004843 -0.223471 -0.087200 0.057343 0.960889 0.270932 22.547600 0.216043 -0.276892 0.936299 3.670900 0.000000 0.000000 0.000000 1.000000
0.977395 -0.002644 -0.211406 -0.087200 0.064650 0.955764 0.286941 22.547600 0.201295 -0.294122 0.934330 3.670900 0.000000 0.000000 0.000000 1.000000
0.983545 -0.010657 -0.180348 -0.087200 0.069123 0.944499 0.321160 22.547600 0.166916 -0.328341 0.929694 3.670900 0.000000 0.000000 0.000000 1.000000
0.990516 -0.018776 -0.136111 -0.087200 0.067429 0.929555 0.362466 22.547600 0.119717 -0.368206 0.922004 3.670900 0.000000 0.000000 0.000000 1.000000
0.997018 -0.021193 -0.074200 -0.087200 0.048622 0.919199 0.390781 22.547600 0.059923 -0.393223 0.917488 3.670900 0.000000 0.000000 0.000000 1.000000
0.999854 -0.014093 0.009654 -0.087200 0.009249 0.921757 0.387658 22.547600 -0.014362 -0.387512 0.921753 3.670900 0.000000 0.000000 0.000000 1.000000
0.995111 -0.002489 0.098733 -0.087200 -0.032423 0.936046 0.350381 22.547600 -0.093291 -0.351869 0.931389 3.670900 0.000000 0.000000 0.000000 1.000000
0.986898 0.006315 0.161220 -0.087200 -0.054803 0.952945 0.298147 22.547600 -0.151751 -0.303076 0.940806 3.670900 0.000000 0.000000 0.000000 1.000000
0.982845 0.011978 0.184042 -0.087200 -0.060791 0.963163 0.261959 22.547600 -0.174124 -0.268653 0.947368 3.670900 0.000000 0.000000 0.000000 1.000000
0.983236 0.021030 0.181120 -0.087200 -0.068906 0.962521 0.262309 22.547600 -0.168815 -0.270392 0.947834 3.670900 0.000000 0.000000 0.000000 1.000000
0.985799 0.034980 0.164246 -0.087200 -0.082288 0.953215 0.290879 22.547600 -0.146387 -0.300263 0.942557 3.670900 0.000000 0.000000 0.000000 1.000000
0.990290 0.045710 0.131290 -0.087200 -0.085803 0.944024 0.318522 22.547600 -0.109381 -0.326694 0.938779 3.670900 0.000000 0.000000 0.000000 1.000000
0.995242 0.047105 0.085285 -0.087200 -0.072656 0.942037 0.327547 22.547600 -0.064913 -0.332185 0.940978 3.670900 0.000000 0.000000 0.000000 1.000000
0.998437 0.039398 0.039638 -0.087200 -0.050259 0.943151 0.328543 22.547600 -0.024441 -0.330021 0.943657 3.670900 0.000000 0.000000 0.000000 1.000000
0.999691 0.024814 -0.001696 -0.087200 -0.022785 0.941003 0.337629 22.547600 0.009974 -0.337486 0.941278 3.670900 0.000000 0.000000 0.000000 1.000000
0.998552 0.010984 -0.052669 -0.087200 0.008140 0.936828 0.349696 22.547600 0.053183 -0.349618 0.935382 3.670900 0.000000 0.000000 0.000000 1.000000
0.993232 0.004900 -0.116040 -0.087200 0.034669 0.941052 0.336481 22.547600 0.110848 -0.338227 0.934513 3.670900 0.000000 0.000000 0.000000 1.000000</float_array><technique_common><accessor source="#mixamorig_Head-Matrix-animation-output-transform-array" count="20" stride="16"><param type="float4x4"/></accessor></technique_common></source><source id="mixamorig_Head-Interpolations"><Name_array id="mixamorig_Head-Interpolations-array" count="20">
 LINEAR LINEAR LINEAR LINEAR LINEAR LINEAR LINEAR LINEAR LINEAR LINEAR LINEAR
LINEAR LINEAR LINEAR LINEAR LINEAR LINEAR LINEAR LINEAR LINEAR</Name_array><technique_common><accessor source="#mixamorig_Head-Interpolations-array" count="20"><param type="name"/></accessor></technique_common></source><sampler id="mixamorig_Head-Matrix-animation-transform"><input semantic="INPUT" source="#mixamorig_Head-Matrix-animation-input"/><input semantic="OUTPUT" source="#mixamorig_Head-Matrix-animation-output-transform"/><input semantic="INTERPOLATION" source="#mixamorig_Head-Interpolations"/></sampler><channel source="#mixamorig_Head-Matrix-animation-transform" target="mixamorig_Head/matrix"/></animation>
    <animation id="mixamorig_LeftShoulder-anim" name="mixamorig_LeftShoulder"><source id="mixamorig_LeftShoulder-Matrix-animation-input"><float_array id="mixamorig_LeftShoulder-Matrix-animation-input-array" count="20">

0.000000 0.033333 0.066667 0.100000 0.133333 0.166667 0.200000 0.233333 0.266667 0.300000 0.333333 0.366667 0.400000 0.433333 0.466667 0.500000
0.533333 0.566667 0.600000 0.633333</float_array><technique_common><accessor source="#mixamorig_LeftShoulder-Matrix-animation-input-array" count="20"><param name="TIME" type="float"/></accessor></technique_common></source><source id="mixamorig_LeftShoulder-Matrix-animation-output-transform"><float_array id="mixamorig_LeftShoulder-Matrix-animation-output-transform-array" count="320">

0.987256 0.064316 -0.145563 11.924900 -0.071622 0.996393 -0.045513 18.230499 0.142111 0.055358 0.988302 1.425400 0.000000 0.000000 0.000000 1.000000
0.988847 0.047700 -0.141087 11.924900 -0.054404 0.997547 -0.044048 18.230499 0.138639 0.051233 0.989017 1.425400 0.000000 0.000000 0.000000 1.000000
0.989528 0.037938 -0.139270 11.924900 -0.044370 0.998073 -0.043376 18.230499 0.137356 0.049101 0.989304 1.425400 0.000000 0.000000 0.000000 1.000000
0.986852 0.059617 -0.150227 11.924900 -0.067281 0.996652 -0.046457 18.230499 0.146954 0.055954 0.987559 1.425400 0.000000 0.000000 0.000000 1.000000
0.978648 0.109539 -0.173926 11.924900 -0.120332 0.991332 -0.052742 18.230499 0.166641 0.072544 0.983345 1.425400 0.000000 0.000000 0.000000 1.000000
0.968529 0.148673 -0.199618 11.924900 -0.163340 0.984802 -0.059042 18.230499 0.187807 0.089789 0.978093 1.425400 0.000000 0.000000 0.000000 1.000000
0.963236 0.163165 -0.213432 11.924900 -0.180086 0.981678 -0.062267 18.230499 0.199362 0.098414 0.974972 1.425400 0.000000 0.000000 0.000000 1.000000
0.971762 0.145563 -0.185716 11.924900 -0.158476 0.985738 -0.056613 18.230499 0.174827 0.084446 0.980971 1.425400 0.000000 0.000000 0.000000 1.000000
0.986575 0.104192 -0.125756 11.924900 -0.110355 0.992959 -0.043055 18.230499 0.120385 0.056355 0.991126 1.425400 0.000000 0.000000 0.000000 1.000000
0.996230 0.051822 -0.069571 11.924900 -0.053998 0.998097 -0.029766 18.230499 0.067896 0.033411 0.997133 1.425400 0.000000 0.000000 0.000000 1.000000
0.999380 0.016938 -0.030879 11.924900 -0.017568 0.999641 -0.020248 18.230499 0.030525 0.020778 0.999318 1.425400 0.000000 0.000000 0.000000 1.000000
0.999581 0.017203 -0.023270 11.924900 -0.017640 0.999670 -0.018674 18.230499 0.022941 0.019076 0.999555 1.425400 0.000000 0.000000 0.000000 1.000000
0.998607 0.029988 -0.043424 11.924900 -0.031026 0.999244 -0.023441 18.230499 0.042689 0.024756 0.998782 1.425400 0.000000 0.000000 0.000000 1.000000
0.996098 0.047698 -0.074248 11.924900 -0.050094 0.998271 -0.030743 18.230499 0.072653 0.034342 0.996766 1.425400 0.000000 0.000000 0.000000 1.000000
0.992355 0.069038 -0.102304 11.924900 -0.073154 0.996633 -0.037035 18.230499 0.099403 0.044236 0.994064 1.425400 0.000000 0.000000 0.000000 1.000000
0.988465 0.084719 -0.125536 11.924900 -0.090634 0.994991 -0.042166 18.230499 0.121335 0.053057 0.991193 1.425400 0.000000 0.000000 0.000000 1.000000
0.982921 0.101674 -0.153391 11.924900 -0.110287 0.992706 -0.048709 18.230499 0.147319 0.064794 0.986964 1.425400 0.000000 0.000000 0.000000 1.000000
0.979932 0.107984 -0.167551 11.924900 -0.118133 0.991645 -0.051813 18.230499 0.160556 0.070567 0.984501 1.425400 0.000000 0.000000 0.000000 1.000000
0.984247 0.085524 -0.154738 11.924900 -0.094018 0.994392 -0.048423 18.230499 0.149729 0.062208 0.986768 1.425400 0.000000 0.000000 0.000000 1.000000
0.987256 0.064316 -0.145563 11.924900 -0.071622 0.996393 -0.045513 18.230499 0.142111 0.055358 0.988302 1.425400 0.000000 0.000000 0.000000 1.000000</float_array><technique_common><accessor source="#mixamorig_LeftShoulder-Matrix-animation-output-transform-array" count="20" stride="16"><param type="float4x4"/></accessor></technique_common></source><source id="mixamorig_LeftShoulder-Interpolations"><Name_array id="mixamorig_LeftShoulder-Interpolations-array" count="20">
 LINEAR LINEAR LINEAR LINEAR LINEAR LINEAR LINEAR LINEAR LINEAR LINEAR LINEAR
LINEAR LINEAR LINEAR LINEAR LINEAR LINEAR LINEAR LINEAR LINEAR</Name_array><technique_common><accessor source="#mixamorig_LeftShoulder-Interpolations-array" count="20"><param type="name"/></accessor></technique_common></source><sampler id="mixamorig_LeftShoulder-Matrix-animation-transform"><input semantic="INPUT" source="#mixamorig_LeftShoulder-Matrix-animation-input"/><input semantic="OUTPUT" source="#mixamorig_LeftShoulder-Matrix-animation-output-transform"/><input semantic="INTERPOLATION" source="#mixamorig_LeftShoulder-Interpolations"/></sampler><channel source="#mixamorig_LeftShoulder-Matrix-animation-transform" target="mixamorig_LeftShoulder/matrix"/></animation>
    <animation id="mixamorig_LeftArm-anim" name="mixamorig_LeftArm"><source id="mixamorig_LeftArm-Matrix-animation-input"><float_array id="mixamorig_LeftArm-Matrix-animation-input-array" count="20">

0.000000 0.033333 0.066667 0.100000 0.133333 0.166667 0.200000 0.233333 0.266667 0.300000 0.333333 0.366667 0.400000 0.433333 0.466667 0.500000
0.533333 0.566667 0.600000 0.633333</float_array><technique_common><accessor source="#mixamorig_LeftArm-Matrix-animation-input-array" count="20"><param name="TIME" type="float"/></accessor></technique_common></source><source id="mixamorig_LeftArm-Matrix-animation-output-transform"><float_array id="mixamorig_LeftArm-Matrix-animation-output-transform-array" count="320">

0.461889 0.886163 0.037061 25.431200 -0.441017 0.265721 -0.857261 -0.854600 -0.769521 0.379615 0.513547 -5.229300 0.000000 0.000000 0.000000 1.000000
0.467990 0.876483 0.112968 25.431200 -0.310679 0.282844 -0.907457 -0.854600 -0.827323 0.389584 0.404673 -5.229300 0.000000 0.000000 0.000000 1.000000
0.443078 0.882388 0.158344 25.431200 -0.305518 0.314680 -0.898686 -0.854600 -0.842817 0.349811 0.409013 -5.229300 0.000000 0.000000 0.000000 1.000000
0.413283 0.892606 0.180145 25.431200 -0.416966 0.361374 -0.833995 -0.854600 -0.809529 0.269561 0.521536 -5.229300 0.000000 0.000000 0.000000 1.000000
0.394621 0.900052 0.184880 25.431200 -0.571448 0.397967 -0.717683 -0.854600 -0.719528 0.177564 0.671379 -5.229300 0.000000 0.000000 0.000000 1.000000
0.405108 0.902323 0.147314 25.431200 -0.706017 0.411118 -0.576647 -0.854600 -0.580885 0.129598 0.803603 -5.229300 0.000000 0.000000 0.000000 1.000000
0.458754 0.886778 0.056303 25.431200 -0.809540 0.443238 -0.384948 -0.854600 -0.366319 0.131017 0.921219 -5.229300 0.000000 0.000000 0.000000 1.000000
0.506229 0.858766 -0.079080 25.431200 -0.862060 0.501325 -0.074342 -0.854600 -0.024198 0.105806 0.994092 -5.229300 0.000000 0.000000 0.000000 1.000000
0.502482 0.844831 -0.183773 25.431200 -0.787208 0.534949 0.306811 -0.854600 0.357513 -0.009499 0.933860 -5.229300 0.000000 0.000000 0.000000 1.000000
0.520179 0.825867 -0.217615 25.431200 -0.614956 0.539003 0.575591 -0.854600 0.592657 -0.165587 0.788251 -5.229300 0.000000 0.000000 0.000000 1.000000
0.574057 0.778664 -0.253259 25.431200 -0.474495 0.568421 0.672125 -0.854600 0.667318 -0.265668 0.695778 -5.229300 0.000000 0.000000 0.000000 1.000000
0.607466 0.728381 -0.316932 25.431200 -0.424169 0.634780 0.645860 -0.854600 0.671614 -0.257905 0.694564 -5.229300 0.000000 0.000000 0.000000 1.000000
0.601359 0.716062 -0.354433 25.431200 -0.513642 0.686268 0.514985 -0.854600 0.611997 -0.127639 0.780492 -5.229300 0.000000 0.000000 0.000000 1.000000
0.561400 0.759048 -0.329661 25.431200 -0.709868 0.646460 0.279602 -0.854600 0.425345 0.077047 0.901746 -5.229300 0.000000 0.000000 0.000000 1.000000
0.495704 0.823243 -0.276674 25.431200 -0.857057 0.515215 -0.002529 -0.854600 0.140465 0.238379 0.960960 -5.229300 0.000000 0.000000 0.000000 1.000000
0.447142 0.872067 -0.198905 25.431200 -0.884754 0.398539 -0.241613 -0.854600 -0.131432 0.284017 0.949768 -5.229300 0.000000 0.000000 0.000000 1.000000
0.418291 0.903391 -0.094429 25.431200 -0.840547 0.345584 -0.417195 -0.854600 -0.344257 0.253881 0.903898 -5.229300 0.000000 0.000000 0.000000 1.000000
0.396544 0.917464 -0.031832 25.431200 -0.762412 0.309817 -0.568103 -0.854600 -0.511352 0.249547 0.822342 -5.229300 0.000000 0.000000 0.000000 1.000000
0.419512 0.907543 -0.019393 25.431200 -0.625731 0.273635 -0.730469 -0.854600 -0.657625 0.318575 0.682671 -5.229300 0.000000 0.000000 0.000000 1.000000
0.461890 0.886163 0.037061 25.431200 -0.441017 0.265721 -0.857261 -0.854600 -0.769521 0.379615 0.513547 -5.229300 0.000000 0.000000 0.000000 1.000000</float_array><technique_common><accessor source="#mixamorig_LeftArm-Matrix-animation-output-transform-array" count="20" stride="16"><param type="float4x4"/></accessor></technique_common></source><source id="mixamorig_LeftArm-Interpolations"><Name_array id="mixamorig_LeftArm-Interpolations-array" count="20">
 LINEAR LINEAR LINEAR LINEAR LINEAR LINEAR LINEAR LINEAR LINEAR LINEAR LINEAR
LINEAR LINEAR LINEAR LINEAR LINEAR LINEAR LINEAR LINEAR LINEAR</Name_array><technique_common><accessor source="#mixamorig_LeftArm-Interpolations-array" count="20"><param type="name"/></accessor></technique_common></source><sampler id="mixamorig_LeftArm-Matrix-animation-transform"><input semantic="INPUT" source="#mixamorig_LeftArm-Matrix-animation-input"/><input semantic="OUTPUT" source="#mixamorig_LeftArm-Matrix-animation-output-transform"/><input semantic="INTERPOLATION" source="#mixamorig_LeftArm-Interpolations"/></sampler><channel source="#mixamorig_LeftArm-Matrix-animation-transform" target="mixamorig_LeftArm/matrix"/></animation>
    <animation id="mixamorig_LeftForeArm-anim" name="mixamorig_LeftForeArm"><source id="mixamorig_LeftForeArm-Matrix-animation-input"><float_array id="mixamorig_LeftForeArm-Matrix-animation-input-array" count="20">

0.000000 0.033333 0.066667 0.100000 0.133333 0.166667 0.200000 0.233333 0.266667 0.300000 0.333333 0.366667 0.400000 0.433333 0.466667 0.500000
0.533333 0.566667 0.600000 0.633333</float_array><technique_common><accessor source="#mixamorig_LeftForeArm-Matrix-animation-input-array" count="20"><param name="TIME" type="float"/></accessor></technique_common></source><source id="mixamorig_LeftForeArm-Matrix-animation-output-transform"><float_array id="mixamorig_LeftForeArm-Matrix-animation-output-transform-array" count="320">

0.402432 0.024785 -0.915114 54.578300 0.012449 0.999393 0.032541 -1.946300 0.915365 -0.024488 0.401879 -2.800900 0.000000 0.000000 0.000000 1.000000
0.252306 0.028784 -0.967219 54.578300 0.017808 0.999250 0.034382 -1.946300 0.967484 -0.025899 0.251604 -2.800900 0.000000 0.000000 0.000000 1.000000
0.237205 0.029186 -0.971021 54.578300 0.018347 0.999236 0.034515 -1.946300 0.971286 -0.026002 0.236488 -2.800900 0.000000 0.000000 0.000000 1.000000
0.316708 0.027067 -0.948137 54.578300 0.015509 0.999311 0.033709 -1.946300 0.948396 -0.025381 0.316070 -2.800900 0.000000 0.000000 0.000000 1.000000
0.340056 0.026446 -0.940033 54.578300 0.014676 0.999334 0.033423 -1.946300 0.940291 -0.025161 0.339442 -2.800900 0.000000 0.000000 0.000000 1.000000
0.246483 0.028939 -0.968715 54.578300 0.018016 0.999245 0.034435 -1.946300 0.968980 -0.025940 0.245776 -2.800900 0.000000 0.000000 0.000000 1.000000
