<?xml version="1.0" encoding="utf-8"?>
<COLLADA xmlns="http://www.collada.org/2005/11/COLLADASchema" version="1.4.1">
  <asset><contributor><author>Mixamo</author><authoring_tool>COLLADA Mixamo exporter</authoring_tool><comments></comments></contributor><created>2018-09-23T22:04:57Z</created><modified>2018-09-23T22:04:57Z</modified><revision></revision><title></title><unit meter="0.010000"/><up_axis>Y_UP</up_axis></asset>
  <library_animations>
    <animation id="mixamorig_Hips-anim" name="mixamorig_Hips"><source id="mixamorig_Hips-Matrix-animation-input"><float_array id="mixamorig_Hips-Matrix-animation-input-array" count="112">

0.000000 0.033333 0.066667 0.100000 0.133333 0.166667 0.200000 0.233333 0.266667 0.300000 0.333333 0.366667 0.400000 0.433333 0.466667 0.500000
0.533333 0.566667 0.600000 0.633333 0.666667 0.700000 0.733333 0.766667 0.800000 0.833333 0.866667 0.900000 0.933333 0.966667 1.000000 1.033333
1.066667 1.100000 1.133333 1.166667 1.200000 1.233333 1.266667 1.300000 1.333333 1.366667 1.400000 1.433333 1.466667 1.500000 1.533333 1.566667
1.600000 1.633333 1.666667 1.700000 1.733333 1.766667 1.800000 1.833333 1.866667 1.900000 1.933333 1.966667 2.000000 2.033333 2.066667 2.100000
2.133333 2.166667 2.200000 2.233333 2.266667 2.300000 2.333333 2.366667 2.400000 2.433333 2.466667 2.500000 2.533333 2.566667 2.600000 2.633333
2.666667 2.700000 2.733333 2.766667 2.800000 2.833333 2.866667 2.900000 2.933333 2.966667 3.000000 3.033333 3.066667 3.100000 3.133333 3.166667
3.200000 3.233333 3.266667 3.300000 3.333333 3.366667 3.400000 3.433333 3.466667 3.500000 3.533333 3.566667 3.600000 3.633333 3.666667 3.700000</float_array><technique_common><accessor source="#mixamorig_Hips-Matrix-animation-input-array" count="112"><param name="TIME" type="float"/></accessor></technique_common></source><source id="mixamorig_Hips-Matrix-animation-output-transform"><float_array id="mixamorig_Hips-Matrix-animation-output-transform-array" count="1792">

0.996772 -0.019151 0.077968 5.386887 0.079100 0.068013 -0.994544 208.720764 0.013743 0.997501 0.069309 -4.848141 0.000000 0.000000 0.000000 1.000000
0.996553 -0.020782 0.080317 4.860339 0.081528 0.066107 -0.994476 208.372177 0.015357 0.997596 0.067573 -4.435763 0.000000 0.000000 0.000000 1.000000
0.996189 -0.020748 0.084711 4.014266 0.085851 0.062163 -0.994367 208.383301 0.015366 0.997850 0.063708 -3.723953 0.000000 0.000000 0.000000 1.000000
0.995612 -0.018200 0.091793 2.995444 0.092677 0.055899 -0.994126 208.686371 0.012962 0.998271 0.057340 -2.936988 0.000000 0.000000 0.000000 1.000000
0.994818 -0.014190 0.100673 2.044678 0.101262 0.049906 -0.993607 209.056931 0.009075 0.998653 0.051085 -2.308070 0.000000 0.000000 0.000000 1.000000
0.993841 -0.013407 0.109999 1.428993 0.110509 0.046500 -0.992787 209.258514 0.008195 0.998828 0.047695 -1.912501 0.000000 0.000000 0.000000 1.000000
0.992988 -0.018155 0.116812 1.129143 0.117520 0.044733 -0.992062 209.205811 0.012786 0.998834 0.046553 -1.781652 0.000000 0.000000 0.000000 1.000000
0.992634 -0.029514 0.117498 0.965829 0.118712 0.043422 -0.991979 209.124191 0.024175 0.998621 0.046606 -1.726691 0.000000 0.000000 0.000000 1.000000
0.992940 -0.046111 0.109290 0.866660 0.111241 0.042093 -0.992902 209.187836 0.041184 0.998049 0.046926 -1.632855 0.000000 0.000000 0.000000 1.000000
0.993661 -0.063914 0.092486 0.868545 0.095241 0.041499 -0.994589 209.370361 0.059730 0.997092 0.047323 -1.546035 0.000000 0.000000 0.000000 1.000000
0.994452 -0.077587 0.071034 1.008687 0.074555 0.043475 -0.996269 209.502472 0.074210 0.996037 0.049018 -1.564491 0.000000 0.000000 0.000000 1.000000
0.995288 -0.082812 0.050433 1.147292 0.054480 0.047355 -0.997391 209.551926 0.080208 0.995439 0.051644 -1.708801 0.000000 0.000000 0.000000 1.000000
0.996304 -0.079699 0.032037 1.102240 0.035971 0.048420 -0.998179 209.583649 0.078003 0.995642 0.051108 -2.041154 0.000000 0.000000 0.000000 1.000000
0.997083 -0.075112 0.013551 0.755262 0.016879 0.043849 -0.998896 209.729645 0.074434 0.996211 0.044989 -2.544161 0.000000 0.000000 0.000000 1.000000
0.997407 -0.071890 -0.003442 0.226529 -0.000919 0.035096 -0.999384 210.002884 0.071966 0.996795 0.034939 -3.029825 0.000000 0.000000 0.000000 1.000000
0.997575 -0.068365 -0.013085 -0.173610 -0.011462 0.024077 -0.999644 210.260056 0.068656 0.997370 0.023235 -3.288876 0.000000 0.000000 0.000000 1.000000
0.997941 -0.062848 -0.012769 -0.174916 -0.011975 0.012999 -0.999844 210.469879 0.063004 0.997938 0.012220 -3.203127 0.000000 0.000000 0.000000 1.000000
0.998410 -0.055944 -0.006978 0.246124 -0.006880 0.001938 -0.999974 210.849152 0.055956 0.998432 0.001550 -2.747774 0.000000 0.000000 0.000000 1.000000
0.998721 -0.050488 -0.002515 0.908279 -0.003089 -0.011296 -0.999931 211.490616 0.050456 0.998661 -0.011438 -2.093098 0.000000 0.000000 0.000000 1.000000
0.998884 -0.047209 -0.001390 1.670837 -0.002657 -0.026784 -0.999638 212.230804 0.047155 0.998526 -0.026879 -1.463813 0.000000 0.000000 0.000000 1.000000
0.999018 -0.044271 -0.001604 2.481117 -0.003449 -0.041630 -0.999127 212.921616 0.044166 0.998152 -0.041742 -0.946576 0.000000 0.000000 0.000000 1.000000
0.999276 -0.038043 0.000691 3.259000 -0.001304 -0.052408 -0.998625 213.475479 0.038027 0.997901 -0.052419 -0.545714 0.000000 0.000000 0.000000 1.000000
0.999539 -0.027629 0.012598 3.814651 0.010970 -0.058302 -0.998239 213.853882 0.028315 0.997917 -0.057972 -0.330906 0.000000 0.000000 0.000000 1.000000
0.999268 -0.015236 0.035102 4.113521 0.034126 -0.060172 -0.997604 213.935623 0.017312 0.998072 -0.059608 -0.344606 0.000000 0.000000 0.000000 1.000000
0.997952 -0.002425 0.063927 4.223205 0.063661 -0.060845 -0.996115 213.799103 0.006305 0.998144 -0.060566 -0.593016 0.000000 0.000000 0.000000 1.000000
0.995707 0.006373 0.092347 4.237221 0.092565 -0.062792 -0.993725 213.580811 -0.000534 0.998006 -0.063112 -0.991554 0.000000 0.000000 0.000000 1.000000
0.993362 0.009316 0.114652 4.162359 0.115018 -0.066375 -0.991143 213.327835 -0.001623 0.997751 -0.067006 -1.392008 0.000000 0.000000 0.000000 1.000000
0.991544 0.010011 0.129385 3.980520 0.129769 -0.069327 -0.989118 212.980804 -0.000932 0.997544 -0.070040 -1.674314 0.000000 0.000000 0.000000 1.000000
0.990325 0.011391 0.138299 3.730633 0.138758 -0.069718 -0.987869 212.573242 -0.001611 0.997502 -0.070624 -1.715511 0.000000 0.000000 0.000000 1.000000
0.989470 0.013564 0.144101 3.496249 0.144693 -0.067781 -0.987152 212.233963 -0.003623 0.997608 -0.069030 -1.480219 0.000000 0.000000 0.000000 1.000000
0.988674 0.015567 0.149267 3.320132 0.149970 -0.064850 -0.986562 212.080261 -0.005678 0.997774 -0.066450 -1.073850 0.000000 0.000000 0.000000 1.000000
0.987710 0.017401 0.155323 3.173288 0.156131 -0.064344 -0.985638 212.150620 -0.007157 0.997776 -0.066270 -0.643384 0.000000 0.000000 0.000000 1.000000
0.986545 0.017972 0.162497 3.046481 0.163345 -0.066859 -0.984301 212.354172 -0.006826 0.997601 -0.068895 -0.306340 0.000000 0.000000 0.000000 1.000000
0.985428 0.017520 0.169191 2.990829 0.170010 -0.069830 -0.982965 212.474655 -0.005407 0.997405 -0.071791 -0.153352 0.000000 0.000000 0.000000 1.000000
0.985107 0.016074 0.171189 3.079187 0.171903 -0.070766 -0.982569 212.312408 -0.003680 0.997363 -0.072475 -0.189039 0.000000 0.000000 0.000000 1.000000
0.986292 0.010774 0.164654 3.197826 0.165004 -0.069431 -0.983846 211.865936 0.000832 0.997529 -0.070257 -0.315472 0.000000 0.000000 0.000000 1.000000
0.988899 -0.001119 0.148587 3.139183 0.148182 -0.066757 -0.986704 211.360199 0.011024 0.997769 -0.065850 -0.304123 0.000000 0.000000 0.000000 1.000000
0.992196 -0.017678 0.123426 2.898319 0.122148 -0.060894 -0.990642 210.971619 0.025028 0.997988 -0.058259 -0.129308 0.000000 0.000000 0.000000 1.000000
0.995296 -0.032814 0.091158 2.629626 0.089438 -0.050544 -0.994709 210.732986 0.037247 0.998183 -0.047372 -0.041689 0.000000 0.000000 0.000000 1.000000
0.997428 -0.043980 0.056599 2.258125 0.054939 -0.038079 -0.997763 210.770950 0.046036 0.998306 -0.035565 -0.068541 0.000000 0.000000 0.000000 1.000000
0.998410 -0.051246 0.023489 1.912163 0.022139 -0.026754 -0.999397 210.963135 0.051843 0.998328 -0.025577 -0.384540 0.000000 0.000000 0.000000 1.000000
0.998358 -0.057101 -0.004534 1.745579 -0.005567 -0.017941 -0.999824 211.164459 0.057010 0.998207 -0.018229 -0.907078 0.000000 0.000000 0.000000 1.000000
0.997668 -0.063508 -0.025023 1.941158 -0.025728 -0.010299 -0.999616 211.236145 0.063226 0.997928 -0.011909 -1.448489 0.000000 0.000000 0.000000 1.000000
0.996762 -0.070719 -0.038272 2.498551 -0.038610 -0.003408 -0.999249 211.223053 0.070535 0.997490 -0.006127 -1.795164 0.000000 0.000000 0.000000 1.000000
0.995857 -0.078138 -0.046511 3.232185 -0.046509 0.001858 -0.998916 211.247696 0.078140 0.996941 -0.001784 -1.852659 0.000000 0.000000 0.000000 1.000000
0.995265 -0.081786 -0.052532 4.049073 -0.052352 0.004342 -0.998619 211.326035 0.081901 0.996640 0.000039 -1.701417 0.000000 0.000000 0.000000 1.000000
0.995395 -0.075884 -0.058574 4.983552 -0.058320 0.005565 -0.998282 211.412949 0.076080 0.997101 0.001114 -1.561340 0.000000 0.000000 0.000000 1.000000
0.996247 -0.061494 -0.060921 5.813631 -0.060580 0.007399 -0.998136 211.568588 0.061830 0.998080 0.003646 -1.441820 0.000000 0.000000 0.000000 1.000000
0.997639 -0.043500 -0.053134 6.184665 -0.052550 0.014473 -0.998513 211.686478 0.044204 0.998949 0.012153 -1.378435 0.000000 0.000000 0.000000 1.000000
0.999123 -0.024321 -0.034096 6.118163 -0.033470 0.025695 -0.999109 211.589005 0.025175 0.999374 0.024858 -1.502302 0.000000 0.000000 0.000000 1.000000
0.999954 -0.005155 -0.008147 5.880824 -0.007945 0.037960 -0.999248 211.249298 0.005461 0.999266 0.037917 -1.968381 0.000000 0.000000 0.000000 1.000000
0.999801 0.009693 0.017410 5.622598 0.016886 0.051713 -0.998519 210.779022 -0.010579 0.998615 0.051539 -2.637443 0.000000 0.000000 0.000000 1.000000
0.999153 0.016667 0.037625 5.286980 0.036428 0.067102 -0.997081 210.292679 -0.019143 0.997607 0.066438 -3.132383 0.000000 0.000000 0.000000 1.000000
0.998464 0.015579 0.053175 4.733061 0.051755 0.080553 -0.995406 209.904541 -0.019791 0.996629 0.079623 -3.161338 0.000000 0.000000 0.000000 1.000000
0.997697 0.010434 0.067017 3.919627 0.065840 0.088240 -0.993921 209.755661 -0.016284 0.996045 0.087350 -2.737691 0.000000 0.000000 0.000000 1.000000
0.996736 0.004802 0.080586 2.980655 0.079827 0.090156 -0.992723 209.911484 -0.012032 0.995916 0.089479 -2.099409 0.000000 0.000000 0.000000 1.000000
0.995521 0.001759 0.094519 2.137368 0.093992 0.088661 -0.991617 210.271820 -0.010125 0.996060 0.088099 -1.490324 0.000000 0.000000 0.000000 1.000000
0.993865 0.002046 0.110583 1.491269 0.109992 0.086567 -0.990156 210.643021 -0.011599 0.996244 0.085811 -1.033599 0.000000 0.000000 0.000000 1.000000
0.991522 0.004585 0.129854 1.105664 0.128989 0.085658 -0.987940 210.815079 -0.015653 0.996314 0.084340 -0.815608 0.000000 0.000000 0.000000 1.000000
0.988752 0.005904 0.149448 0.954778 0.148397 0.085855 -0.985194 210.757156 -0.018648 0.996290 0.084013 -0.703833 0.000000 0.000000 0.000000 1.000000
0.986281 0.000663 0.165076 0.790909 0.164405 0.086222 -0.982617 210.671997 -0.014884 0.996276 0.084931 -0.425067 0.000000 0.000000 0.000000 1.000000
0.985188 -0.013338 0.170960 0.476599 0.171474 0.085180 -0.981499 210.706390 -0.001471 0.996276 0.086206 0.132840 0.000000 0.000000 0.000000 1.000000
0.986307 -0.031613 0.161859 0.178384 0.163996 0.084399 -0.982844 210.693024 0.017410 0.995930 0.088428 0.735342 0.000000 0.000000 0.000000 1.000000
0.988892 -0.048349 0.140550 0.041568 0.144291 0.085367 -0.985846 210.460617 0.035667 0.995176 0.091395 1.086066 0.000000 0.000000 0.000000 1.000000
0.991748 -0.061253 0.112625 0.007719 0.117717 0.087085 -0.989221 210.132080 0.050785 0.994316 0.093576 1.118357 0.000000 0.000000 0.000000 1.000000
0.994084 -0.069444 0.083515 -0.073974 0.089543 0.088773 -0.992019 209.956161 0.061476 0.993628 0.094466 0.971468 0.000000 0.000000 0.000000 1.000000
0.995647 -0.073286 0.057583 -0.258732 0.064147 0.090616 -0.993818 209.956635 0.067615 0.993186 0.094922 0.744136 0.000000 0.000000 0.000000 1.000000
0.996559 -0.074191 0.036945 -0.516154 0.043716 0.091818 -0.994816 210.014404 0.070415 0.993008 0.094746 0.536251 0.000000 0.000000 0.000000 1.000000
0.996999 -0.074283 0.021797 -0.694645 0.028580 0.091521 -0.995393 209.993607 0.071946 0.993029 0.093370 0.435531 0.000000 0.000000 0.000000 1.000000
0.997138 -0.074944 0.009961 -0.630914 0.016638 0.089010 -0.995892 209.894562 0.073750 0.993207 0.090002 0.456447 0.000000 0.000000 0.000000 1.000000
0.997085 -0.076287 -0.001302 -0.279240 0.005073 0.083311 -0.996511 209.869690 0.076130 0.993599 0.083455 0.547106 0.000000 0.000000 0.000000 1.000000
0.996839 -0.078285 -0.013534 0.330893 -0.007761 0.073578 -0.997259 210.054565 0.079066 0.994212 0.072738 0.646818 0.000000 0.000000 0.000000 1.000000
0.996445 -0.080227 -0.025720 1.156893 -0.020988 0.059284 -0.998021 210.425903 0.081593 0.995012 0.057389 0.701637 0.000000 0.000000 0.000000 1.000000
0.996204 -0.080104 -0.034062 2.096913 -0.030720 0.042590 -0.998620 210.885483 0.081444 0.995876 0.039967 0.765011 0.000000 0.000000 0.000000 1.000000
0.996572 -0.075286 -0.034287 3.037753 -0.032382 0.026383 -0.999127 211.339798 0.076124 0.996813 0.023855 0.865791 0.000000 0.000000 0.000000 1.000000
0.997485 -0.066785 -0.023728 3.776413 -0.022804 0.014565 -0.999634 211.707977 0.067106 0.997661 0.013005 0.944057 0.000000 0.000000 0.000000 1.000000
0.998432 -0.055875 -0.003418 4.109231 -0.002879 0.009719 -0.999949 211.901230 0.055905 0.998390 0.009543 0.871920 0.000000 0.000000 0.000000 1.000000
0.998804 -0.042320 0.024496 4.105059 0.024994 0.011274 -0.999624 211.977142 0.042027 0.999041 0.012319 0.620242 0.000000 0.000000 0.000000 1.000000
0.997985 -0.029233 0.056320 3.937973 0.056807 0.016120 -0.998255 212.039291 0.028274 0.999443 0.017748 0.165749 0.000000 0.000000 0.000000 1.000000
0.995994 -0.020508 0.087033 3.760918 0.087473 0.021638 -0.995932 212.113174 0.018541 0.999556 0.023346 -0.377808 0.000000 0.000000 0.000000 1.000000
0.993377 -0.017393 0.113573 3.679865 0.114024 0.027546 -0.993096 212.090973 0.014145 0.999469 0.029347 -0.842472 0.000000 0.000000 0.000000 1.000000
0.990682 -0.019410 0.134805 3.749848 0.135397 0.033382 -0.990229 211.804321 0.014721 0.999254 0.035699 -1.190812 0.000000 0.000000 0.000000 1.000000
0.988468 -0.024519 0.149433 3.940985 0.150285 0.037648 -0.987926 211.223648 0.018597 0.998990 0.040898 -1.418416 0.000000 0.000000 0.000000 1.000000
0.987143 -0.030430 0.156915 4.080564 0.158037 0.038832 -0.986669 210.533340 0.023931 0.998782 0.043142 -1.460449 0.000000 0.000000 0.000000 1.000000
0.986664 -0.035270 0.158900 3.964180 0.160184 0.037170 -0.986387 210.052887 0.028884 0.998686 0.042324 -1.211268 0.000000 0.000000 0.000000 1.000000
0.986646 -0.038845 0.158177 3.528399 0.159479 0.033079 -0.986647 210.007095 0.033094 0.998698 0.038832 -0.628240 0.000000 0.000000 0.000000 1.000000
0.986838 -0.040737 0.156498 2.864315 0.157628 0.026174 -0.987152 210.334213 0.036118 0.998827 0.032251 0.181264 0.000000 0.000000 0.000000 1.000000
0.987037 -0.042304 0.154819 2.101710 0.155700 0.018356 -0.987634 210.745316 0.038939 0.998936 0.024705 1.009793 0.000000 0.000000 0.000000 1.000000
0.987270 -0.045766 0.152324 1.370230 0.152993 0.011468 -0.988161 211.006973 0.043478 0.998886 0.018324 1.742838 0.000000 0.000000 0.000000 1.000000
0.987587 -0.051994 0.148219 0.723711 0.148698 0.005443 -0.988868 211.097763 0.050608 0.998633 0.013107 2.357549 0.000000 0.000000 0.000000 1.000000
0.988218 -0.061260 0.140260 0.201474 0.140593 0.001132 -0.990067 211.114883 0.060493 0.998121 0.009732 2.884262 0.000000 0.000000 0.000000 1.000000
0.989461 -0.072157 0.125537 -0.128135 0.125807 -0.000810 -0.992054 211.108154 0.071686 0.997393 0.008277 3.342985 0.000000 0.000000 0.000000 1.000000
0.991286 -0.081997 0.103099 -0.236265 0.103452 0.000060 -0.994634 211.055313 0.081550 0.996633 0.008542 3.686977 0.000000 0.000000 0.000000 1.000000
0.993268 -0.087726 0.075649 -0.244219 0.076226 0.003233 -0.997085 210.947998 0.087226 0.996139 0.009898 3.756585 0.000000 0.000000 0.000000 1.000000
0.994968 -0.087668 0.048505 -0.354408 0.049301 0.006944 -0.998760 210.858490 0.087222 0.996126 0.011232 3.514060 0.000000 0.000000 0.000000 1.000000
0.996212 -0.083258 0.025096 -0.670479 0.026009 0.009904 -0.999613 210.840652 0.082977 0.996479 0.012032 3.003289 0.000000 0.000000 0.000000 1.000000
0.996996 -0.077236 0.005777 -1.136200 0.006719 0.011949 -0.999906 210.856537 0.077160 0.996941 0.012432 2.299277 0.000000 0.000000 0.000000 1.000000
0.997311 -0.072622 -0.009849 -1.561403 -0.008876 0.013713 -0.999867 210.797684 0.072748 0.997265 0.013032 1.520983 0.000000 0.000000 0.000000 1.000000
0.997262 -0.071252 -0.019776 -1.728604 -0.018619 0.016872 -0.999684 210.596802 0.071563 0.997316 0.015499 0.801507 0.000000 0.000000 0.000000 1.000000
0.997239 -0.071319 -0.020696 -1.501107 -0.019129 0.022582 -0.999562 210.301758 0.071756 0.997198 0.021155 0.229093 0.000000 0.000000 0.000000 1.000000
0.997489 -0.069594 -0.013096 -0.875281 -0.011038 0.029868 -0.999493 210.067123 0.069950 0.997128 0.029024 -0.161373 0.000000 0.000000 0.000000 1.000000
0.997917 -0.064501 -0.001178 0.047581 0.001183 0.036560 -0.999331 210.050201 0.064500 0.997248 0.036560 -0.401872 0.000000 0.000000 0.000000 1.000000
0.998247 -0.058257 0.010487 1.031047 0.012932 0.041748 -0.999044 210.276749 0.057763 0.997428 0.042428 -0.511047 0.000000 0.000000 0.000000 1.000000
0.998412 -0.052817 0.019599 1.911633 0.022012 0.045509 -0.998721 210.590744 0.051857 0.997567 0.046600 -0.614326 0.000000 0.000000 0.000000 1.000000
0.998490 -0.048016 0.026705 2.631831 0.029051 0.048858 -0.998383 210.816757 0.046633 0.997651 0.050179 -0.818680 0.000000 0.000000 0.000000 1.000000
0.998520 -0.042346 0.034120 3.190506 0.036321 0.052359 -0.997968 210.865860 0.040474 0.997730 0.053820 -1.195359 0.000000 0.000000 0.000000 1.000000
0.998439 -0.033857 0.044420 3.664858 0.046301 0.056979 -0.997301 210.770767 0.031235 0.997801 0.058457 -1.774810 0.000000 0.000000 0.000000 1.000000
0.998097 -0.024268 0.056690 4.145001 0.058104 0.062182 -0.996372 210.588654 0.020655 0.997770 0.063474 -2.565629 0.000000 0.000000 0.000000 1.000000
0.997566 -0.017653 0.067451 4.669870 0.068480 0.066227 -0.995452 210.313843 0.013105 0.997648 0.067275 -3.482629 0.000000 0.000000 0.000000 1.000000
0.997164 -0.016384 0.073451 5.176054 0.074405 0.068251 -0.994890 209.884659 0.011287 0.997534 0.069277 -4.303649 0.000000 0.000000 0.000000 1.000000
0.996931 -0.017205 0.076366 5.470672 0.077375 0.068644 -0.994636 209.300476 0.011871 0.997493 0.069765 -4.809633 0.000000 0.000000 0.000000 1.000000
0.996776 -0.019056 0.077936 5.396332 0.079062 0.067986 -0.994549 208.713608 0.013653 0.997504 0.069274 -4.863720 0.000000 0.000000 0.000000 1.000000</float_array><technique_common><accessor source="#mixamorig_Hips-Matrix-animation-output-transform-array" count="112" stride="16"><param type="float4x4"/></accessor></technique_common></source><source id="mixamorig_Hips-Interpolations"><Name_array id="mixamorig_Hips-Interpolations-array" count="112">
 LINEAR LINEAR LINEAR LINEAR LINEAR LINEAR LINEAR LINEAR LINEAR LINEAR LINEAR
LINEAR LINEAR LINEAR LINEAR LINEAR LINEAR LINEAR LINEAR LINEAR LINEAR LINEAR LINEAR
LINEAR LINEAR LINEAR LINEAR LINEAR LINEAR LINEAR LINEAR LINEAR LINEAR LINEAR LINEAR
LINEAR LINEAR LINEAR LINEAR LINEAR LINEAR LINEAR LINEAR LINEAR LINEAR LINEAR LINEAR
LINEAR LINEAR LINEAR LINEAR LINEAR LINEAR LINEAR LINEAR LINEAR LINEAR LINEAR LINEAR
LINEAR LINEAR LINEAR LINEAR LINEAR LINEAR LINEAR LINEAR LINEAR LINEAR LINEAR LINEAR
LINEAR LINEAR LINEAR LINEAR LINEAR LINEAR LINEAR LINEAR LINEAR LINEAR LINEAR LINEAR
LINEAR LINEAR LINEAR LINEAR LINEAR LINEAR LINEAR LINEAR LINEAR LINEAR LINEAR LINEAR
LINEAR LINEAR LINEAR LINEAR LINEAR LINEAR LINEAR LINEAR LINEAR LINEAR LINEAR LINEAR
LINEAR LINEAR LINEAR LINEAR LINEAR</Name_array><technique_common><accessor source="#mixamorig_Hips-Interpolations-array" count="112"><param type="name"/></accessor></technique_common></source><sampler id="mixamorig_Hips-Matrix-animation-transform"><input semantic="INPUT" source="#mixamorig_Hips-Matrix-animation-input"/><input semantic="OUTPUT" source="#mixamorig_Hips-Matrix-animation-output-transform"/><input semantic="INTERPOLATION" source="#mixamorig_Hips-Interpolations"/></sampler><channel source="#mixamorig_Hips-Matrix-animation-transform" target="mixamorig_Hips/matrix"/></animation>
    <animation id="mixamorig_Spine-anim" name="mixamorig_Spine"><source id="mixamorig_Spine-Matrix-animation-input"><float_array id="mixamorig_Spine-Matrix-animation-input-array" count="112">

0.000000 0.033333 0.066667 0.100000 0.133333 0.166667 0.200000 0.233333 0.266667 0.300000 0.333333 0.366667 0.400000 0.433333 0.466667 0.500000
0.533333 0.566667 0.600000 0.633333 0.666667 0.700000 0.733333 0.766667 0.800000 0.833333 0.866667 0.900000 0.933333 0.966667 1.000000 1.033333
1.066667 1.100000 1.133333 1.166667 1.200000 1.233333 1.266667 1.300000 1.333333 1.366667 1.400000 1.433333 1.466667 1.500000 1.533333 1.566667
1.600000 1.633333 1.666667 1.700000 1.733333 1.766667 1.800000 1.833333 1.866667 1.900000 1.933333 1.966667 2.000000 2.033333 2.066667 2.100000
2.133333 2.166667 2.200000 2.233333 2.266667 2.300000 2.333333 2.366667 2.400000 2.433333 2.466667 2.500000 2.533333 2.566667 2.600000 2.633333
2.666667 2.700000 2.733333 2.766667 2.800000 2.833333 2.866667 2.900000 2.933333 2.966667 3.000000 3.033333 3.066667 3.100000 3.133333 3.166667
3.200000 3.233333 3.266667 3.300000 3.333333 3.366667 3.400000 3.433333 3.466667 3.500000 3.533333 3.566667 3.600000 3.633333 3.666667 3.700000</float_array><technique_common><accessor source="#mixamorig_Spine-Matrix-animation-input-array" count="112"><param name="TIME" type="float"/></accessor></technique_common></source><source id="mixamorig_Spine-Matrix-animation-output-transform"><float_array id="mixamorig_Spine-Matrix-animation-output-transform-array" count="1792">

0.999681 -0.024446 -0.006344 0.006200 0.024349 0.999591 -0.015012 19.525000 0.006708 0.014853 0.999867 -2.481800 0.000000 0.000000 0.000000 1.000000
0.999831 -0.018406 -0.000163 0.006200 0.018401 0.999703 -0.015983 19.525000 0.000457 0.015977 0.999872 -2.481800 0.000000 0.000000 0.000000 1.000000
0.999925 -0.012052 0.002193 0.006200 0.012086 0.999794 -0.016277 19.525000 -0.001997 0.016302 0.999865 -2.481800 0.000000 0.000000 0.000000 1.000000
0.999981 -0.006138 0.000934 0.006200 0.006152 0.999853 -0.015996 19.525000 -0.000836 0.016001 0.999872 -2.481800 0.000000 0.000000 0.000000 1.000000
0.999996 -0.001166 -0.002488 0.006200 0.001127 0.999880 -0.015427 19.525000 0.002505 0.015425 0.999878 -2.481800 0.000000 0.000000 0.000000 1.000000
0.999981 0.001946 -0.005901 0.006200 -0.002034 0.999887 -0.014882 19.525000 0.005872 0.014894 0.999872 -2.481800 0.000000 0.000000 0.000000 1.000000
0.999956 0.004265 -0.008343 0.006200 -0.004385 0.999887 -0.014387 19.525000 0.008281 0.014423 0.999862 -2.481800 0.000000 0.000000 0.000000 1.000000
0.999923 0.007266 -0.010066 0.006200 -0.007404 0.999878 -0.013719 19.525000 0.009965 0.013793 0.999855 -2.481800 0.000000 0.000000 0.000000 1.000000
0.999878 0.010967 -0.011105 0.006200 -0.011110 0.999855 -0.012880 19.525000 0.010963 0.013002 0.999855 -2.481800 0.000000 0.000000 0.000000 1.000000
0.999841 0.013915 -0.011125 0.006200 -0.014052 0.999825 -0.012351 19.525000 0.010951 0.012505 0.999862 -2.481800 0.000000 0.000000 0.000000 1.000000
0.999849 0.014142 -0.010082 0.006200 -0.014269 0.999818 -0.012679 19.525000 0.009901 0.012821 0.999869 -2.481800 0.000000 0.000000 0.000000 1.000000
0.999884 0.012076 -0.009257 0.006200 -0.012203 0.999831 -0.013738 19.525000 0.009089 0.013849 0.999863 -2.481800 0.000000 0.000000 0.000000 1.000000
0.999913 0.009280 -0.009382 0.006200 -0.009417 0.999848 -0.014662 19.525000 0.009244 0.014749 0.999848 -2.481800 0.000000 0.000000 0.000000 1.000000
0.999910 0.007980 -0.010825 0.006200 -0.008136 0.999862 -0.014476 19.525000 0.010708 0.014562 0.999837 -2.481800 0.000000 0.000000 0.000000 1.000000
0.999865 0.008740 -0.013886 0.006200 -0.008920 0.999876 -0.012986 19.525000 0.013771 0.013109 0.999819 -2.481800 0.000000 0.000000 0.000000 1.000000
0.999782 0.009364 -0.018679 0.006200 -0.009566 0.999896 -0.010768 19.525000 0.018576 0.010944 0.999768 -2.481800 0.000000 0.000000 0.000000 1.000000
0.999668 0.007085 -0.024788 0.006200 -0.007297 0.999938 -0.008458 19.525000 0.024726 0.008636 0.999657 -2.481800 0.000000 0.000000 0.000000 1.000000
0.999511 0.001661 -0.031221 0.006200 -0.001850 0.999980 -0.006010 19.525000 0.031211 0.006065 0.999494 -2.481800 0.000000 0.000000 0.000000 1.000000
0.999304 -0.004622 -0.037029 0.006200 0.004517 0.999986 -0.002916 19.525000 0.037042 0.002747 0.999310 -2.481800 0.000000 0.000000 0.000000 1.000000
0.999087 -0.009837 -0.041585 0.006200 0.009885 0.999951 0.000945 19.525000 0.041574 -0.001355 0.999135 -2.481800 0.000000 0.000000 0.000000 1.000000
0.998922 -0.013480 -0.044424 0.006200 0.013710 0.999894 0.004855 19.525000 0.044354 -0.005459 0.999001 -2.481800 0.000000 0.000000 0.000000 1.000000
0.998848 -0.015431 -0.045432 0.006200 0.015800 0.999845 0.007764 19.525000 0.045305 -0.008473 0.998937 -2.481800 0.000000 0.000000 0.000000 1.000000
0.998865 -0.015970 -0.044868 0.006200 0.016395 0.999824 0.009108 19.525000 0.044714 -0.009833 0.998951 -2.481800 0.000000 0.000000 0.000000 1.000000
0.998947 -0.015086 -0.043325 0.006200 0.015496 0.999838 0.009135 19.525000 0.043180 -0.009797 0.999019 -2.481800 0.000000 0.000000 0.000000 1.000000
0.999094 -0.014341 -0.040073 0.006200 0.014687 0.999857 0.008358 19.525000 0.039947 -0.008939 0.999162 -2.481800 0.000000 0.000000 0.000000 1.000000
0.999302 -0.013536 -0.034805 0.006200 0.013788 0.999880 0.007017 19.525000 0.034706 -0.007492 0.999370 -2.481800 0.000000 0.000000 0.000000 1.000000
0.999541 -0.011646 -0.027950 0.006200 0.011792 0.999918 0.005062 19.525000 0.027889 -0.005389 0.999597 -2.481800 0.000000 0.000000 0.000000 1.000000
0.999757 -0.008844 -0.020196 0.006200 0.008897 0.999957 0.002547 19.525000 0.020172 -0.002726 0.999793 -2.481800 0.000000 0.000000 0.000000 1.000000
0.999904 -0.006170 -0.012394 0.006200 0.006169 0.999981 -0.000167 19.525000 0.012395 0.000091 0.999923 -2.481800 0.000000 0.000000 0.000000 1.000000
0.999975 -0.004700 -0.005207 0.006200 0.004686 0.999986 -0.002618 19.525000 0.005220 0.002593 0.999983 -2.481800 0.000000 0.000000 0.000000 1.000000
0.999988 -0.004765 0.001068 0.006200 0.004770 0.999979 -0.004421 19.525000 -0.001047 0.004426 0.999990 -2.481800 0.000000 0.000000 0.000000 1.000000
0.999962 -0.005842 0.006495 0.006200 0.005877 0.999968 -0.005378 19.525000 -0.006463 0.005416 0.999964 -2.481800 0.000000 0.000000 0.000000 1.000000
0.999911 -0.007294 0.011184 0.006200 0.007356 0.999958 -0.005502 19.525000 -0.011143 0.005584 0.999922 -2.481800 0.000000 0.000000 0.000000 1.000000
0.999842 -0.008832 0.015399 0.006200 0.008911 0.999947 -0.005062 19.525000 -0.015353 0.005198 0.999869 -2.481800 0.000000 0.000000 0.000000 1.000000
0.999758 -0.010551 0.019304 0.006200 0.010636 0.999934 -0.004351 19.525000 -0.019257 0.004556 0.999804 -2.481800 0.000000 0.000000 0.000000 1.000000
0.999692 -0.011378 0.022077 0.006200 0.011456 0.999928 -0.003432 19.525000 -0.022037 0.003683 0.999750 -2.481800 0.000000 0.000000 0.000000 1.000000
0.999696 -0.010609 0.022237 0.006200 0.010661 0.999941 -0.002251 19.525000 -0.022212 0.002488 0.999750 -2.481800 0.000000 0.000000 0.000000 1.000000
0.999769 -0.009327 0.019346 0.006200 0.009348 0.999956 -0.000978 19.525000 -0.019336 0.001159 0.999812 -2.481800 0.000000 0.000000 0.000000 1.000000
0.999858 -0.008997 0.014274 0.006200 0.008999 0.999960 -0.000027 19.525000 -0.014273 0.000155 0.999898 -2.481800 0.000000 0.000000 0.000000 1.000000
0.999940 -0.008158 0.007268 0.006200 0.008157 0.999967 0.000223 19.525000 -0.007270 -0.000164 0.999974 -2.481800 0.000000 0.000000 0.000000 1.000000
0.999978 -0.006611 -0.000258 0.006200 0.006611 0.999978 -0.000367 19.525000 0.000261 0.000365 1.000000 -2.481800 0.000000 0.000000 0.000000 1.000000
0.999961 -0.003978 -0.007841 0.006200 0.003963 0.999990 -0.001887 19.525000 0.007848 0.001855 0.999967 -2.481800 0.000000 0.000000 0.000000 1.000000
0.999889 -0.001916 -0.014765 0.006200 0.001852 0.999989 -0.004303 19.525000 0.014773 0.004275 0.999882 -2.481800 0.000000 0.000000 0.000000 1.000000
0.999784 -0.001840 -0.020710 0.006200 0.001694 0.999974 -0.007035 19.525000 0.020723 0.006999 0.999761 -2.481800 0.000000 0.000000 0.000000 1.000000
0.999662 -0.003480 -0.025762 0.006200 0.003249 0.999954 -0.009019 19.525000 0.025792 0.008932 0.999627 -2.481800 0.000000 0.000000 0.000000 1.000000
0.999543 -0.006997 -0.029419 0.006200 0.006717 0.999931 -0.009615 19.525000 0.029485 0.009413 0.999521 -2.481800 0.000000 0.000000 0.000000 1.000000
0.999441 -0.014098 -0.030323 0.006200 0.013821 0.999861 -0.009326 19.525000 0.030450 0.008902 0.999497 -2.481800 0.000000 0.000000 0.000000 1.000000
0.999327 -0.022099 -0.029276 0.006200 0.021840 0.999720 -0.009151 19.525000 0.029470 0.008505 0.999529 -2.481800 0.000000 0.000000 0.000000 1.000000
0.999247 -0.026582 -0.028271 0.006200 0.026324 0.999609 -0.009456 19.525000 0.028511 0.008705 0.999556 -2.481800 0.000000 0.000000 0.000000 1.000000
0.999235 -0.028163 -0.027118 0.006200 0.027905 0.999562 -0.009840 19.525000 0.027384 0.009075 0.999584 -2.481800 0.000000 0.000000 0.000000 1.000000
0.999258 -0.029495 -0.024755 0.006200 0.029256 0.999522 -0.009946 19.525000 0.025036 0.009215 0.999644 -2.481800 0.000000 0.000000 0.000000 1.000000
0.999315 -0.030433 -0.021038 0.006200 0.030226 0.999492 -0.010108 19.525000 0.021335 0.009465 0.999728 -2.481800 0.000000 0.000000 0.000000 1.000000
0.999445 -0.029063 -0.016289 0.006200 0.028888 0.999523 -0.010894 19.525000 0.016598 0.010417 0.999808 -2.481800 0.000000 0.000000 0.000000 1.000000
0.999649 -0.024114 -0.010954 0.006200 0.023979 0.999637 -0.012300 19.525000 0.011247 0.012033 0.999864 -2.481800 0.000000 0.000000 0.000000 1.000000
0.999850 -0.016396 -0.005507 0.006200 0.016319 0.999772 -0.013749 19.525000 0.005731 0.013657 0.999890 -2.481800 0.000000 0.000000 0.000000 1.000000
0.999965 -0.008405 -0.000381 0.006200 0.008399 0.999856 -0.014759 19.525000 0.000505 0.014755 0.999891 -2.481800 0.000000 0.000000 0.000000 1.000000
0.999987 -0.002869 0.004253 0.006200 0.002934 0.999879 -0.015309 19.525000 -0.004208 0.015321 0.999874 -2.481800 0.000000 0.000000 0.000000 1.000000
0.999962 -0.000897 0.008634 0.006200 0.001032 0.999877 -0.015620 19.525000 -0.008619 0.015628 0.999841 -2.481800 0.000000 0.000000 0.000000 1.000000
0.999908 -0.002389 0.013349 0.006200 0.002598 0.999874 -0.015667 19.525000 -0.013310 0.015700 0.999788 -2.481800 0.000000 0.000000 0.000000 1.000000
0.999814 -0.005917 0.018363 0.006200 0.006195 0.999866 -0.015125 19.525000 -0.018271 0.015236 0.999717 -2.481800 0.000000 0.000000 0.000000 1.000000
0.999730 -0.007934 0.021820 0.006200 0.008235 0.999872 -0.013733 19.525000 -0.021708 0.013909 0.999668 -2.481800 0.000000 0.000000 0.000000 1.000000
0.999730 -0.006606 0.022295 0.006200 0.006866 0.999909 -0.011602 19.525000 -0.022217 0.011752 0.999684 -2.481800 0.000000 0.000000 0.000000 1.000000
0.999779 -0.003680 0.020711 0.006200 0.003871 0.999950 -0.009197 19.525000 -0.020676 0.009275 0.999743 -2.481800 0.000000 0.000000 0.000000 1.000000
0.999823 -0.001692 0.018711 0.006200 0.001824 0.999973 -0.007056 19.525000 -0.018699 0.007088 0.999800 -2.481800 0.000000 0.000000 0.000000 1.000000
0.999860 -0.001399 0.016688 0.006200 0.001491 0.999984 -0.005537 19.525000 -0.016680 0.005561 0.999845 -2.481800 0.000000 0.000000 0.000000 1.000000
0.999909 -0.001541 0.013375 0.006200 0.001605 0.999987 -0.004810 19.525000 -0.013367 0.004831 0.999899 -2.481800 0.000000 0.000000 0.000000 1.000000
0.999969 -0.001505 0.007772 0.006200 0.001543 0.999987 -0.004922 19.525000 -0.007764 0.004934 0.999958 -2.481800 0.000000 0.000000 0.000000 1.000000
0.999999 -0.001118 -0.000275 0.006200 0.001117 0.999983 -0.005801 19.525000 0.000282 0.005801 0.999983 -2.481800 0.000000 0.000000 0.000000 1.000000
0.999958 -0.001096 -0.009146 0.006200 0.001031 0.999974 -0.007172 19.525000 0.009154 0.007162 0.999932 -2.481800 0.000000 0.000000 0.000000 1.000000
0.999862 -0.002591 -0.016412 0.006200 0.002450 0.999960 -0.008629 19.525000 0.016434 0.008588 0.999828 -2.481800 0.000000 0.000000 0.000000 1.000000
0.999761 -0.005895 -0.021049 0.006200 0.005690 0.999936 -0.009799 19.525000 0.021105 0.009677 0.999730 -2.481800 0.000000 0.000000 0.000000 1.000000
0.999660 -0.010535 -0.023841 0.006200 0.010287 0.999892 -0.010515 19.525000 0.023949 0.010266 0.999660 -2.481800 0.000000 0.000000 0.000000 1.000000
0.999532 -0.016332 -0.025867 0.006200 0.016058 0.999813 -0.010775 19.525000 0.026038 0.010354 0.999607 -2.481800 0.000000 0.000000 0.000000 1.000000
0.999367 -0.022570 -0.027492 0.006200 0.022289 0.999696 -0.010506 19.525000 0.027721 0.009886 0.999567 -2.481800 0.000000 0.000000 0.000000 1.000000
0.999185 -0.029126 -0.027948 0.006200 0.028869 0.999538 -0.009549 19.525000 0.028213 0.008734 0.999564 -2.481800 0.000000 0.000000 0.000000 1.000000
0.999022 -0.035029 -0.026999 0.006200 0.034827 0.999362 -0.007910 19.525000 0.027259 0.006962 0.999604 -2.481800 0.000000 0.000000 0.000000 1.000000
0.998917 -0.038974 -0.025419 0.006200 0.038833 0.999228 -0.006019 19.525000 0.025634 0.005025 0.999659 -2.481800 0.000000 0.000000 0.000000 1.000000
0.998852 -0.041905 -0.023211 0.006200 0.041808 0.999115 -0.004624 19.525000 0.023384 0.003649 0.999720 -2.481800 0.000000 0.000000 0.000000 1.000000
0.998815 -0.044091 -0.020595 0.006200 0.044011 0.999022 -0.004320 19.525000 0.020765 0.003409 0.999779 -2.481800 0.000000 0.000000 0.000000 1.000000
0.998826 -0.045209 -0.017399 0.006200 0.045123 0.998967 -0.005324 19.525000 0.017621 0.004532 0.999834 -2.481800 0.000000 0.000000 0.000000 1.000000
0.998889 -0.045182 -0.013358 0.006200 0.045085 0.998955 -0.007449 19.525000 0.013681 0.006838 0.999883 -2.481800 0.000000 0.000000 0.000000 1.000000
0.998985 -0.044247 -0.008470 0.006200 0.044161 0.998973 -0.010091 19.525000 0.008908 0.009707 0.999913 -2.481800 0.000000 0.000000 0.000000 1.000000
0.999085 -0.042673 -0.002903 0.006200 0.042634 0.999013 -0.012475 19.525000 0.003432 0.012339 0.999918 -2.481800 0.000000 0.000000 0.000000 1.000000
0.999188 -0.040190 0.002943 0.006200 0.040227 0.999092 -0.014046 19.525000 -0.002375 0.014153 0.999897 -2.481800 0.000000 0.000000 0.000000 1.000000
0.999301 -0.036437 0.008370 0.006200 0.036558 0.999223 -0.014760 19.525000 -0.007825 0.015055 0.999856 -2.481800 0.000000 0.000000 0.000000 1.000000
0.999417 -0.031720 0.012602 0.006200 0.031907 0.999379 -0.014937 19.525000 -0.012120 0.015331 0.999809 -2.481800 0.000000 0.000000 0.000000 1.000000
0.999525 -0.026861 0.015132 0.006200 0.027086 0.999522 -0.014908 19.525000 -0.014724 0.015311 0.999774 -2.481800 0.000000 0.000000 0.000000 1.000000
0.999630 -0.021987 0.015992 0.006200 0.022223 0.999645 -0.014730 19.525000 -0.015663 0.015080 0.999764 -2.481800 0.000000 0.000000 0.000000 1.000000
0.999721 -0.017494 0.015855 0.006200 0.017718 0.999743 -0.014113 19.525000 -0.015604 0.014390 0.999775 -2.481800 0.000000 0.000000 0.000000 1.000000
0.999789 -0.013684 0.015324 0.006200 0.013879 0.999823 -0.012689 19.525000 -0.015148 0.012899 0.999802 -2.481800 0.000000 0.000000 0.000000 1.000000
0.999834 -0.010886 0.014587 0.006200 0.011039 0.999885 -0.010444 19.525000 -0.014472 0.010603 0.999839 -2.481800 0.000000 0.000000 0.000000 1.000000
0.999867 -0.009426 0.013314 0.006200 0.009529 0.999925 -0.007721 19.525000 -0.013240 0.007846 0.999882 -2.481800 0.000000 0.000000 0.000000 1.000000
0.999897 -0.009225 0.010999 0.006200 0.009279 0.999945 -0.004883 19.525000 -0.010953 0.004984 0.999928 -2.481800 0.000000 0.000000 0.000000 1.000000
0.999921 -0.009929 0.007749 0.006200 0.009946 0.999948 -0.002180 19.525000 -0.007727 0.002257 0.999968 -2.481800 0.000000 0.000000 0.000000 1.000000
0.999938 -0.010487 0.003747 0.006200 0.010487 0.999945 0.000085 19.525000 -0.003748 -0.000046 0.999993 -2.481800 0.000000 0.000000 0.000000 1.000000
0.999947 -0.010303 -0.000555 0.006200 0.010304 0.999946 0.001404 19.525000 0.000541 -0.001409 0.999999 -2.481800 0.000000 0.000000 0.000000 1.000000
0.999944 -0.009320 -0.004923 0.006200 0.009327 0.999956 0.001264 19.525000 0.004911 -0.001310 0.999987 -2.481800 0.000000 0.000000 0.000000 1.000000
0.999921 -0.007832 -0.009824 0.006200 0.007828 0.999969 -0.000450 19.525000 0.009827 0.000373 0.999952 -2.481800 0.000000 0.000000 0.000000 1.000000
0.999848 -0.006596 -0.016134 0.006200 0.006545 0.999973 -0.003218 19.525000 0.016154 0.003112 0.999865 -2.481800 0.000000 0.000000 0.000000 1.000000
0.999682 -0.006723 -0.024318 0.006200 0.006576 0.999960 -0.006142 19.525000 0.024358 0.005981 0.999685 -2.481800 0.000000 0.000000 0.000000 1.000000
0.999390 -0.009244 -0.033689 0.006200 0.008964 0.999924 -0.008471 19.525000 0.033765 0.008164 0.999396 -2.481800 0.000000 0.000000 0.000000 1.000000
0.998993 -0.014857 -0.042346 0.006200 0.014447 0.999846 -0.009952 19.525000 0.042488 0.009330 0.999053 -2.481800 0.000000 0.000000 0.000000 1.000000
0.998587 -0.021273 -0.048691 0.006200 0.020775 0.999727 -0.010715 19.525000 0.048906 0.009689 0.998756 -2.481800 0.000000 0.000000 0.000000 1.000000
0.998308 -0.026120 -0.051954 0.006200 0.025585 0.999613 -0.010934 19.525000 0.052219 0.009586 0.998590 -2.481800 0.000000 0.000000 0.000000 1.000000
0.998223 -0.028510 -0.052334 0.006200 0.027988 0.999551 -0.010679 19.525000 0.052615 0.009195 0.998573 -2.481800 0.000000 0.000000 0.000000 1.000000
0.998279 -0.029146 -0.050895 0.006200 0.028676 0.999539 -0.009956 19.525000 0.051161 0.008479 0.998654 -2.481800 0.000000 0.000000 0.000000 1.000000
0.998394 -0.029902 -0.048127 0.006200 0.029500 0.999524 -0.009032 19.525000 0.048375 0.007598 0.998800 -2.481800 0.000000 0.000000 0.000000 1.000000
0.998557 -0.031373 -0.043588 0.006200 0.031029 0.999482 -0.008549 19.525000 0.043833 0.007184 0.999013 -2.481800 0.000000 0.000000 0.000000 1.000000
0.998809 -0.032435 -0.036439 0.006200 0.032121 0.999442 -0.009168 19.525000 0.036716 0.007986 0.999294 -2.481800 0.000000 0.000000 0.000000 1.000000
0.999136 -0.031874 -0.026677 0.006200 0.031592 0.999441 -0.010939 19.525000 0.027011 0.010087 0.999584 -2.481800 0.000000 0.000000 0.000000 1.000000
0.999449 -0.029166 -0.015851 0.006200 0.028958 0.999494 -0.013173 19.525000 0.016227 0.012707 0.999788 -2.481800 0.000000 0.000000 0.000000 1.000000
0.999681 -0.024488 -0.006244 0.006200 0.024392 0.999589 -0.015036 19.525000 0.006609 0.014879 0.999867 -2.481800 0.000000 0.000000 0.000000 1.000000</float_array><technique_common><accessor source="#mixamorig_Spine-Matrix-animation-output-transform-array" count="112" stride="16"><param type="float4x4"/></accessor></technique_common></source><source id="mixamorig_Spine-Interpolations"><Name_array id="mixamorig_Spine-Interpolations-array" count="112">
 LINEAR LINEAR LINEAR LINEAR LINEAR LINEAR LINEAR LINEAR LINEAR LINEAR LINEAR
LINEAR LINEAR LINEAR LINEAR LINEAR LINEAR LINEAR LINEAR LINEAR LINEAR LINEAR LINEAR
LINEAR LINEAR LINEAR LINEAR LINEAR LINEAR LINEAR LINEAR LINEAR LINEAR LINEAR LINEAR
LINEAR LINEAR LINEAR LINEAR LINEAR LINEAR LINEAR LINEAR LINEAR LINEAR LINEAR LINEAR
LINEAR LINEAR LINEAR LINEAR LINEAR LINEAR LINEAR LINEAR LINEAR LINEAR LINEAR LINEAR
LINEAR LINEAR LINEAR LINEAR LINEAR LINEAR LINEAR LINEAR LINEAR LINEAR LINEAR LINEAR
LINEAR LINEAR LINEAR LINEAR LINEAR LINEAR LINEAR LINEAR LINEAR LINEAR LINEAR LINEAR
LINEAR LINEAR LINEAR LINEAR LINEAR LINEAR LINEAR LINEAR LINEAR LINEAR LINEAR LINEAR
LINEAR LINEAR LINEAR LINEAR LINEAR LINEAR LINEAR LINEAR LINEAR LINEAR LINEAR LINEAR
