<?xml version="1.0" encoding="utf-8"?>
<COLLADA xmlns="http://www.collada.org/2005/11/COLLADASchema" version="1.4.1">
  <asset><contributor><author>Mixamo</author><authoring_tool>COLLADA Mixamo exporter</authoring_tool><comments></comments></contributor><created>2018-09-23T21:36:59Z</created><modified>2018-09-23T21:36:59Z</modified><revision></revision><title></title><unit meter="0.010000"/><up_axis>Y_UP</up_axis></asset>
  <library_animations>
    <animation id="mixamorig_Hips-anim" name="mixamorig_Hips"><source id="mixamorig_Hips-Matrix-animation-input"><float_array id="mixamorig_Hips-Matrix-animation-input-array" count="83">

0.000000 0.033333 0.066667 0.100000 0.133333 0.166667 0.200000 0.233333 0.266667 0.300000 0.333333 0.366667 0.400000 0.433333 0.466667 0.500000
0.533333 0.566667 0.600000 0.633333 0.666667 0.700000 0.733333 0.766667 0.800000 0.833333 0.866667 0.900000 0.933333 0.966667 1.000000 1.033333
1.066667 1.100000 1.133333 1.166667 1.200000 1.233333 1.266667 1.300000 1.333333 1.366667 1.400000 1.433333 1.466667 1.500000 1.533333 1.566667
1.600000 1.633333 1.666667 1.700000 1.733333 1.766667 1.800000 1.833333 1.866667 1.900000 1.933333 1.966667 2.000000 2.033333 2.066667 2.100000
2.133333 2.166667 2.200000 2.233333 2.266667 2.300000 2.333333 2.366667 2.400000 2.433333 2.466667 2.500000 2.533333 2.566667 2.600000 2.633333
2.666667 2.700000 2.733333</float_array><technique_common><accessor source="#mixamorig_Hips-Matrix-animation-input-array" count="83"><param name="TIME" type="float"/></accessor></technique_common></source><source id="mixamorig_Hips-Matrix-animation-output-transform"><float_array id="mixamorig_Hips-Matrix-animation-output-transform-array" count="1328">

0.862863 0.000364 0.505438 -2.459384 0.134047 0.964025 -0.229535 191.796646 -0.487339 0.265810 0.831773 1.157763 0.000000 0.000000 0.000000 1.000000
0.848862 0.029705 0.527779 -1.871539 0.128547 0.956849 -0.260605 190.743103 -0.512747 0.289062 0.808414 4.544555 0.000000 0.000000 0.000000 1.000000
0.838258 0.042133 0.543643 -1.574285 0.125007 0.955606 -0.266814 190.277008 -0.530750 0.291618 0.795778 8.117792 0.000000 0.000000 0.000000 1.000000
0.832294 0.035226 0.553215 -1.584645 0.127825 0.958888 -0.253366 190.291641 -0.539396 0.281589 0.793574 12.140962 0.000000 0.000000 0.000000 1.000000
0.829361 0.013731 0.558544 -1.855152 0.140706 0.962344 -0.232587 190.939316 -0.540705 0.271489 0.796198 16.847225 0.000000 0.000000 0.000000 1.000000
0.825179 -0.018118 0.564581 -2.561842 0.167452 0.962405 -0.213859 192.703781 -0.539481 0.271012 0.797190 22.324463 0.000000 0.000000 0.000000 1.000000
0.819113 -0.044440 0.571908 -3.549895 0.189755 0.961858 -0.197035 193.811142 -0.541338 0.269916 0.796303 27.704466 0.000000 0.000000 0.000000 1.000000
0.812724 -0.065285 0.578980 -4.531491 0.204980 0.962215 -0.179234 194.105759 -0.545402 0.264347 0.795397 32.718464 0.000000 0.000000 0.000000 1.000000
0.809616 -0.084232 0.580885 -5.372015 0.217134 0.962424 -0.163076 194.037231 -0.545322 0.258158 0.797483 37.481388 0.000000 0.000000 0.000000 1.000000
0.812833 -0.102521 0.573404 -6.135837 0.229680 0.961044 -0.153755 194.008118 -0.535303 0.256677 0.804716 42.134727 0.000000 0.000000 0.000000 1.000000
0.821927 -0.120092 0.556789 -6.967915 0.242992 0.958035 -0.152068 194.157715 -0.515161 0.260284 0.816616 46.679329 0.000000 0.000000 0.000000 1.000000
0.833777 -0.135847 0.535128 -7.942469 0.254153 0.954891 -0.153585 194.433533 -0.490125 0.264060 0.830692 51.026596 0.000000 0.000000 0.000000 1.000000
0.846061 -0.147248 0.512346 -8.986444 0.259082 0.953533 -0.153789 194.569214 -0.465894 0.262855 0.844897 55.157818 0.000000 0.000000 0.000000 1.000000
0.859593 -0.149894 0.488499 -9.956134 0.253141 0.955368 -0.152291 194.207001 -0.443869 0.254567 0.859172 59.275539 0.000000 0.000000 0.000000 1.000000
0.876801 -0.140249 0.459945 -10.789755 0.233222 0.960516 -0.151710 193.082077 -0.420508 0.240289 0.874891 63.748131 0.000000 0.000000 0.000000 1.000000
0.898362 -0.119845 0.422591 -11.583016 0.201306 0.967412 -0.153589 191.282639 -0.390412 0.223049 0.893212 68.827744 0.000000 0.000000 0.000000 1.000000
0.921871 -0.097019 0.375155 -12.526178 0.166504 0.973393 -0.157423 189.363495 -0.349900 0.207589 0.913497 74.398972 0.000000 0.000000 0.000000 1.000000
0.944231 -0.081463 0.319048 -13.721524 0.139611 0.976558 -0.163836 187.853668 -0.298223 0.199242 0.933470 80.159912 0.000000 0.000000 0.000000 1.000000
0.963749 -0.075932 0.255777 -15.133016 0.123462 0.976756 -0.175229 186.687531 -0.236526 0.200455 0.950722 86.092659 0.000000 0.000000 0.000000 1.000000
0.979381 -0.078004 0.186356 -16.737461 0.114140 0.974766 -0.191843 185.308380 -0.166689 0.209158 0.963570 92.366928 0.000000 0.000000 0.000000 1.000000
0.990127 -0.083581 0.112525 -18.576290 0.105924 0.971919 -0.210126 183.802322 -0.091803 0.219971 0.971177 99.151474 0.000000 0.000000 0.000000 1.000000
0.994676 -0.096070 0.037282 -20.593094 0.102058 0.968469 -0.227272 182.298798 -0.014272 0.229866 0.973118 106.188515 0.000000 0.000000 0.000000 1.000000
0.992497 -0.116402 -0.037422 -22.738773 0.103747 0.963691 -0.246042 181.000504 0.064703 0.240313 0.968537 113.291214 0.000000 0.000000 0.000000 1.000000
0.983637 -0.146984 -0.104182 -24.908066 0.113941 0.955463 -0.272229 179.986267 0.139555 0.255904 0.956576 120.136818 0.000000 0.000000 0.000000 1.000000
0.969917 -0.187796 -0.154897 -26.728626 0.133785 0.942803 -0.305327 179.008347 0.203377 0.275419 0.939565 126.449120 0.000000 0.000000 0.000000 1.000000
0.954895 -0.229414 -0.188534 -27.614660 0.157061 0.929037 -0.334995 177.316818 0.252008 0.290273 0.923165 131.472565 0.000000 0.000000 0.000000 1.000000
0.946855 -0.239426 -0.214803 -27.933184 0.153686 0.923380 -0.351780 177.119110 0.282571 0.300072 0.911104 136.767532 0.000000 0.000000 0.000000 1.000000
0.945427 -0.218795 -0.241447 -27.595123 0.123101 0.925940 -0.357045 178.492249 0.301685 0.307838 0.902342 142.494003 0.000000 0.000000 0.000000 1.000000
0.945159 -0.186142 -0.268375 -26.684038 0.080909 0.929527 -0.359768 180.621841 0.316430 0.318324 0.893612 148.309647 0.000000 0.000000 0.000000 1.000000
0.943543 -0.157922 -0.291182 -25.501606 0.042540 0.929530 -0.366285 182.822632 0.328507 0.333219 0.883769 154.143936 0.000000 0.000000 0.000000 1.000000
0.941459 -0.137837 -0.307662 -24.251417 0.013122 0.926889 -0.375105 184.723999 0.336872 0.349109 0.874437 160.042877 0.000000 0.000000 0.000000 1.000000
0.939642 -0.121289 -0.319940 -23.041319 -0.010512 0.924388 -0.381308 186.201065 0.341998 0.361657 0.867319 166.010284 0.000000 0.000000 0.000000 1.000000
0.937930 -0.104624 -0.330668 -22.029421 -0.032022 0.923220 -0.382936 187.277130 0.345343 0.369756 0.862565 171.986130 0.000000 0.000000 0.000000 1.000000
0.936810 -0.088264 -0.338522 -21.403456 -0.050972 0.922886 -0.381684 188.065125 0.346106 0.374821 0.860070 177.919266 0.000000 0.000000 0.000000 1.000000
0.937862 -0.073833 -0.339062 -21.226957 -0.064489 0.922995 -0.379369 188.715210 0.340963 0.377662 0.860881 183.834351 0.000000 0.000000 0.000000 1.000000
0.942216 -0.062499 -0.329124 -21.393988 -0.069887 0.924158 -0.375563 189.360107 0.327635 0.376863 0.866389 189.832748 0.000000 0.000000 0.000000 1.000000
0.949290 -0.055122 -0.309531 -21.757429 -0.066293 0.927284 -0.368443 190.003372 0.307333 0.370279 0.876607 196.040039 0.000000 0.000000 0.000000 1.000000
0.957612 -0.052238 -0.283284 -22.230162 -0.054858 0.932351 -0.357368 190.559814 0.282788 0.357760 0.889965 202.557693 0.000000 0.000000 0.000000 1.000000
0.966086 -0.052225 -0.252884 -22.778753 -0.039355 0.938113 -0.344086 190.992905 0.255203 0.342369 0.904243 209.464066 0.000000 0.000000 0.000000 1.000000
0.974194 -0.051375 -0.219788 -23.337074 -0.024984 0.943224 -0.331217 191.350479 0.224326 0.328160 0.917599 216.833328 0.000000 0.000000 0.000000 1.000000
0.981636 -0.048245 -0.184561 -23.821737 -0.013475 0.947538 -0.319360 191.617432 0.190286 0.315982 0.929487 224.778656 0.000000 0.000000 0.000000 1.000000
0.988242 -0.046598 -0.145625 -24.185440 -0.000128 0.952176 -0.305551 191.671677 0.152898 0.301977 0.940974 233.309418 0.000000 0.000000 0.000000 1.000000
0.993878 -0.051953 -0.097506 -24.438938 0.022111 0.958219 -0.285179 191.169495 0.108248 0.281277 0.953502 242.279572 0.000000 0.000000 0.000000 1.000000
0.997598 -0.060891 -0.033025 -24.639627 0.050482 0.965539 -0.255316 189.940964 0.047434 0.253035 0.966294 251.279144 0.000000 0.000000 0.000000 1.000000
0.996711 -0.066166 0.046797 -24.608959 0.074888 0.972679 -0.219745 188.326935 -0.030979 0.222527 0.974434 260.228241 0.000000 0.000000 0.000000 1.000000
0.990785 -0.052186 0.124984 -24.412216 0.075468 0.978977 -0.189493 187.532364 -0.112468 0.197179 0.973895 268.486328 0.000000 0.000000 0.000000 1.000000
0.982169 -0.030088 0.185575 -24.318235 0.062356 0.983368 -0.170582 188.228149 -0.177357 0.179113 0.967710 275.922607 0.000000 0.000000 0.000000 1.000000
0.973321 -0.024154 0.228174 -24.596081 0.061110 0.985815 -0.156318 189.989807 -0.221161 0.166091 0.960990 282.675720 0.000000 0.000000 0.000000 1.000000
0.961904 -0.049274 0.268911 -25.231932 0.089166 0.986381 -0.138210 192.552582 -0.258438 0.156922 0.953197 289.315094 0.000000 0.000000 0.000000 1.000000
0.942320 -0.092058 0.321805 -26.102982 0.135607 0.983996 -0.115601 195.237885 -0.306013 0.152572 0.939722 295.828827 0.000000 0.000000 0.000000 1.000000
0.913814 -0.126587 0.385901 -27.098545 0.175159 0.980112 -0.093271 197.125183 -0.366420 0.152826 0.917813 301.698547 0.000000 0.000000 0.000000 1.000000
0.883295 -0.142563 0.446617 -28.173002 0.195946 0.977709 -0.075439 198.168045 -0.425906 0.154147 0.891539 306.781494 0.000000 0.000000 0.000000 1.000000
0.860382 -0.147528 0.487830 -29.286421 0.202906 0.977212 -0.062339 198.605026 -0.467516 0.152619 0.870710 311.280701 0.000000 0.000000 0.000000 1.000000
0.851979 -0.150923 0.501353 -30.299559 0.204321 0.977470 -0.052964 198.574158 -0.482064 0.147561 0.863620 315.431763 0.000000 0.000000 0.000000 1.000000
0.857992 -0.156064 0.489381 -31.064003 0.205061 0.977583 -0.047765 198.200134 -0.470956 0.141335 0.870761 319.356903 0.000000 0.000000 0.000000 1.000000
0.871584 -0.160819 0.463118 -31.561914 0.204763 0.977738 -0.045839 197.637177 -0.445436 0.134782 0.885110 323.085083 0.000000 0.000000 0.000000 1.000000
0.884136 -0.162475 0.438070 -31.932533 0.201009 0.978658 -0.042714 197.019424 -0.421780 0.125821 0.897926 326.636627 0.000000 0.000000 0.000000 1.000000
0.890535 -0.160047 0.425832 -32.333923 0.192653 0.980667 -0.034314 196.369736 -0.412107 0.112596 0.904151 330.081390 0.000000 0.000000 0.000000 1.000000
0.890919 -0.154281 0.427153 -32.875778 0.180875 0.983257 -0.022116 195.657181 -0.416590 0.096965 0.903909 333.541870 0.000000 0.000000 0.000000 1.000000
0.889714 -0.145765 0.432621 -32.994633 0.167360 0.985823 -0.012029 194.885452 -0.424734 0.083106 0.901495 337.177521 0.000000 0.000000 0.000000 1.000000
0.892710 -0.134171 0.430194 -33.070484 0.152700 0.988235 -0.008658 194.113831 -0.423971 0.073419 0.902695 341.082428 0.000000 0.000000 0.000000 1.000000
0.903216 -0.118668 0.412455 -33.077396 0.135788 0.990661 -0.012332 193.378326 -0.407140 0.067145 0.910894 345.309845 0.000000 0.000000 0.000000 1.000000
0.915580 -0.102672 0.388809 -33.039223 0.119892 0.992581 -0.020218 192.643494 -0.383849 0.065126 0.921097 349.905334 0.000000 0.000000 0.000000 1.000000
0.923530 -0.088534 0.373167 -32.971264 0.106566 0.993913 -0.027927 191.880615 -0.368423 0.065558 0.927344 354.895264 0.000000 0.000000 0.000000 1.000000
0.930115 -0.074727 0.359587 -32.827099 0.093637 0.994976 -0.035434 191.063507 -0.355132 0.066628 0.932439 360.421509 0.000000 0.000000 0.000000 1.000000
0.935343 -0.062252 0.348222 -32.582439 0.082206 0.995696 -0.042808 190.187561 -0.344058 0.068666 0.936434 366.694580 0.000000 0.000000 0.000000 1.000000
0.939451 -0.050802 0.338897 -32.246403 0.071974 0.996143 -0.050193 189.229767 -0.335040 0.071546 0.939483 373.782013 0.000000 0.000000 0.000000 1.000000
0.942632 -0.039535 0.331485 -31.829094 0.062084 0.996401 -0.057711 188.090927 -0.328011 0.074981 0.941694 381.445038 0.000000 0.000000 0.000000 1.000000
0.944717 -0.029321 0.326574 -31.190161 0.053533 0.996422 -0.065397 187.250427 -0.323488 0.079264 0.942906 389.200897 0.000000 0.000000 0.000000 1.000000
0.945934 -0.019186 0.323791 -30.258293 0.045301 0.996280 -0.073310 186.713318 -0.321179 0.084014 0.943284 396.793793 0.000000 0.000000 0.000000 1.000000
0.946554 -0.014405 0.322225 -29.097229 0.042947 0.995736 -0.081646 186.219971 -0.319675 0.091121 0.943136 403.897980 0.000000 0.000000 0.000000 1.000000
0.946751 -0.015034 0.321615 -27.829617 0.046555 0.994804 -0.090543 185.690826 -0.318583 0.100694 0.942532 410.578125 0.000000 0.000000 0.000000 1.000000
0.945830 -0.007983 0.324564 -26.160381 0.042700 0.994073 -0.099982 186.682251 -0.321842 0.108424 0.940565 417.601562 0.000000 0.000000 0.000000 1.000000
0.944064 -0.001073 0.329761 -24.074335 0.039592 0.993130 -0.110117 187.988358 -0.327377 0.117013 0.937620 423.926605 0.000000 0.000000 0.000000 1.000000
0.941359 0.004151 0.337381 -21.702291 0.039022 0.991875 -0.121082 189.008652 -0.335142 0.127147 0.933549 429.238892 0.000000 0.000000 0.000000 1.000000
0.936871 0.006588 0.349614 -19.217100 0.042736 0.990170 -0.133180 189.586929 -0.347055 0.139714 0.927380 433.074799 0.000000 0.000000 0.000000 1.000000
0.930613 0.006856 0.365940 -16.732748 0.050193 0.987988 -0.146154 189.977585 -0.362547 0.154381 0.919090 436.483673 0.000000 0.000000 0.000000 1.000000
0.922723 0.005588 0.385422 -14.317165 0.060717 0.985306 -0.159645 190.230515 -0.380651 0.170710 0.908825 439.590881 0.000000 0.000000 0.000000 1.000000
0.913370 0.003797 0.407114 -11.970869 0.073143 0.982157 -0.173259 190.452911 -0.400507 0.188027 0.896794 442.525909 0.000000 0.000000 0.000000 1.000000
0.902839 0.002333 0.429971 -9.690792 0.086357 0.978626 -0.186639 190.719971 -0.421217 0.205637 0.883340 445.443298 0.000000 0.000000 0.000000 1.000000
0.891729 0.002840 0.452560 -7.491250 0.098201 0.974942 -0.199614 191.197632 -0.441787 0.222443 0.869105 448.492340 0.000000 0.000000 0.000000 1.000000
0.879972 0.001744 0.475022 -5.429923 0.112511 0.970774 -0.211989 191.351273 -0.461509 0.239989 0.854058 451.938324 0.000000 0.000000 0.000000 1.000000
0.868391 0.000663 0.495880 -3.412683 0.127085 0.966304 -0.223844 191.631592 -0.479320 0.257403 0.839045 455.692841 0.000000 0.000000 0.000000 1.000000</float_array><technique_common><accessor source="#mixamorig_Hips-Matrix-animation-output-transform-array" count="83" stride="16"><param type="float4x4"/></accessor></technique_common></source><source id="mixamorig_Hips-Interpolations"><Name_array id="mixamorig_Hips-Interpolations-array" count="83">
 LINEAR LINEAR LINEAR LINEAR LINEAR LINEAR LINEAR LINEAR LINEAR LINEAR LINEAR
LINEAR LINEAR LINEAR LINEAR LINEAR LINEAR LINEAR LINEAR LINEAR LINEAR LINEAR LINEAR
LINEAR LINEAR LINEAR LINEAR LINEAR LINEAR LINEAR LINEAR LINEAR LINEAR LINEAR LINEAR
LINEAR LINEAR LINEAR LINEAR LINEAR LINEAR LINEAR LINEAR LINEAR LINEAR LINEAR LINEAR
LINEAR LINEAR LINEAR LINEAR LINEAR LINEAR LINEAR LINEAR LINEAR LINEAR LINEAR LINEAR
LINEAR LINEAR LINEAR LINEAR LINEAR LINEAR LINEAR LINEAR LINEAR LINEAR LINEAR LINEAR
LINEAR LINEAR LINEAR LINEAR LINEAR LINEAR LINEAR LINEAR LINEAR LINEAR LINEAR LINEAR</Name_array><technique_common><accessor source="#mixamorig_Hips-Interpolations-array" count="83"><param type="name"/></accessor></technique_common></source><sampler id="mixamorig_Hips-Matrix-animation-transform"><input semantic="INPUT" source="#mixamorig_Hips-Matrix-animation-input"/><input semantic="OUTPUT" source="#mixamorig_Hips-Matrix-animation-output-transform"/><input semantic="INTERPOLATION" source="#mixamorig_Hips-Interpolations"/></sampler><channel source="#mixamorig_Hips-Matrix-animation-transform" target="mixamorig_Hips/matrix"/></animation>
    <animation id="mixamorig_Spine-anim" name="mixamorig_Spine"><source id="mixamorig_Spine-Matrix-animation-input"><float_array id="mixamorig_Spine-Matrix-animation-input-array" count="83">

0.000000 0.033333 0.066667 0.100000 0.133333 0.166667 0.200000 0.233333 0.266667 0.300000 0.333333 0.366667 0.400000 0.433333 0.466667 0.500000
0.533333 0.566667 0.600000 0.633333 0.666667 0.700000 0.733333 0.766667 0.800000 0.833333 0.866667 0.900000 0.933333 0.966667 1.000000 1.033333
1.066667 1.100000 1.133333 1.166667 1.200000 1.233333 1.266667 1.300000 1.333333 1.366667 1.400000 1.433333 1.466667 1.500000 1.533333 1.566667
1.600000 1.633333 1.666667 1.700000 1.733333 1.766667 1.800000 1.833333 1.866667 1.900000 1.933333 1.966667 2.000000 2.033333 2.066667 2.100000
2.133333 2.166667 2.200000 2.233333 2.266667 2.300000 2.333333 2.366667 2.400000 2.433333 2.466667 2.500000 2.533333 2.566667 2.600000 2.633333
2.666667 2.700000 2.733333</float_array><technique_common><accessor source="#mixamorig_Spine-Matrix-animation-input-array" count="83"><param name="TIME" type="float"/></accessor></technique_common></source><source id="mixamorig_Spine-Matrix-animation-output-transform"><float_array id="mixamorig_Spine-Matrix-animation-output-transform-array" count="1328">

0.999266 -0.028016 -0.026138 0.006200 0.024765 0.992781 -0.117354 19.525000 0.029237 0.116621 0.992746 -2.481800 0.000000 0.000000 0.000000 1.000000
0.998310 -0.056845 -0.012104 0.006200 0.055143 0.992208 -0.111723 19.525000 0.018360 0.110866 0.993666 -2.481800 0.000000 0.000000 0.000000 1.000000
0.996987 -0.077550 -0.001517 0.006200 0.076934 0.991179 -0.107910 19.525000 0.009872 0.107468 0.994159 -2.481800 0.000000 0.000000 0.000000 1.000000
0.995686 -0.092568 0.006387 0.006200 0.092724 0.990073 -0.105632 19.525000 0.003454 0.105769 0.994385 -2.481800 0.000000 0.000000 0.000000 1.000000
0.994496 -0.104119 0.011686 0.006200 0.104770 0.989087 -0.103589 19.525000 -0.000773 0.104243 0.994552 -2.481800 0.000000 0.000000 0.000000 1.000000
0.994673 -0.102411 0.011746 0.006200 0.103075 0.989488 -0.101431 19.525000 -0.001235 0.102101 0.994773 -2.481800 0.000000 0.000000 0.000000 1.000000
0.995041 -0.098972 0.009853 0.006200 0.099461 0.990024 -0.099801 19.525000 0.000123 0.100286 0.994959 -2.481800 0.000000 0.000000 0.000000 1.000000
0.995278 -0.096823 0.006796 0.006200 0.097020 0.990375 -0.098710 19.525000 0.002827 0.098903 0.995093 -2.481800 0.000000 0.000000 0.000000 1.000000
0.995732 -0.092208 0.004039 0.006200 0.092165 0.991032 -0.096752 19.525000 0.004918 0.096711 0.995300 -2.481800 0.000000 0.000000 0.000000 1.000000
0.996429 -0.084393 0.002769 0.006200 0.084284 0.992087 -0.093060 19.525000 0.005106 0.092961 0.995657 -2.481800 0.000000 0.000000 0.000000 1.000000
0.997490 -0.070756 0.002542 0.006200 0.070701 0.993508 -0.089122 19.525000 0.003780 0.089078 0.996017 -2.481800 0.000000 0.000000 0.000000 1.000000
0.998547 -0.053837 0.002314 0.006200 0.053833 0.994716 -0.087414 19.525000 0.002404 0.087411 0.996169 -2.481800 0.000000 0.000000 0.000000 1.000000
0.999223 -0.039365 0.002013 0.006200 0.039388 0.995290 -0.088585 19.525000 0.001484 0.088595 0.996067 -2.481800 0.000000 0.000000 0.000000 1.000000
0.999421 -0.033848 0.003405 0.006200 0.034017 0.995290 -0.090776 19.525000 -0.000317 0.090839 0.995865 -2.481800 0.000000 0.000000 0.000000 1.000000
0.999165 -0.039883 0.008830 0.006200 0.040525 0.994963 -0.091681 19.525000 -0.005129 0.091962 0.995749 -2.481800 0.000000 0.000000 0.000000 1.000000
0.998450 -0.052423 0.018713 0.006200 0.053917 0.994381 -0.091099 19.525000 -0.013832 0.091967 0.995666 -2.481800 0.000000 0.000000 0.000000 1.000000
0.997692 -0.060815 0.030204 0.006200 0.063342 0.993809 -0.091281 19.525000 -0.024465 0.092984 0.995367 -2.481800 0.000000 0.000000 0.000000 1.000000
0.997514 -0.058173 0.039762 0.006200 0.061692 0.993668 -0.093901 19.525000 -0.034048 0.096120 0.994787 -2.481800 0.000000 0.000000 0.000000 1.000000
0.997726 -0.048415 0.046889 0.006200 0.052804 0.993843 -0.097406 19.525000 -0.041884 0.099661 0.994140 -2.481800 0.000000 0.000000 0.000000 1.000000
0.997864 -0.038029 0.053121 0.006200 0.043183 0.994099 -0.099509 19.525000 -0.049023 0.101591 0.993618 -2.481800 0.000000 0.000000 0.000000 1.000000
0.997869 -0.029127 0.058384 0.006200 0.034940 0.994257 -0.101159 19.525000 -0.055103 0.102983 0.993156 -2.481800 0.000000 0.000000 0.000000 1.000000
0.998140 -0.014181 0.059297 0.006200 0.020453 0.994099 -0.106531 19.525000 -0.057436 0.107545 0.992540 -2.481800 0.000000 0.000000 0.000000 1.000000
0.998426 0.007093 0.055641 0.006200 -0.000561 0.993184 -0.116559 19.525000 -0.056089 0.116344 0.991624 -2.481800 0.000000 0.000000 0.000000 1.000000
0.998447 0.031133 0.046204 0.006200 -0.024990 0.991454 -0.128042 19.525000 -0.049795 0.126689 0.990692 -2.481800 0.000000 0.000000 0.000000 1.000000
0.998010 0.055405 0.030109 0.006200 -0.050806 0.989339 -0.136485 19.525000 -0.037350 0.134683 0.990185 -2.481800 0.000000 0.000000 0.000000 1.000000
0.996872 0.078613 0.008125 0.006200 -0.076699 0.987112 -0.140451 19.525000 -0.019062 0.139389 0.990054 -2.481800 0.000000 0.000000 0.000000 1.000000
0.996665 0.080819 -0.011317 0.006200 -0.081607 0.986494 -0.142022 19.525000 -0.000314 0.142472 0.989799 -2.481800 0.000000 0.000000 0.000000 1.000000
0.997409 0.067371 -0.025215 0.006200 -0.070315 0.987063 -0.144090 19.525000 0.015181 0.145490 0.989243 -2.481800 0.000000 0.000000 0.000000 1.000000
0.998166 0.049805 -0.034425 0.006200 -0.054322 0.987797 -0.145967 19.525000 0.026735 0.147569 0.988690 -2.481800 0.000000 0.000000 0.000000 1.000000
0.998584 0.034143 -0.040785 0.006200 -0.039737 0.988584 -0.145339 19.525000 0.035357 0.146754 0.988541 -2.481800 0.000000 0.000000 0.000000 1.000000
0.998770 0.020271 -0.045253 0.006200 -0.026499 0.989571 -0.141585 19.525000 0.041911 0.142610 0.988891 -2.481800 0.000000 0.000000 0.000000 1.000000
0.998835 0.007241 -0.047717 0.006200 -0.013683 0.990599 -0.136112 19.525000 0.046283 0.136606 0.989544 -2.481800 0.000000 0.000000 0.000000 1.000000
0.998831 -0.003914 -0.048174 0.006200 -0.002403 0.991462 -0.130377 19.525000 0.048273 0.130341 0.990293 -2.481800 0.000000 0.000000 0.000000 1.000000
0.998791 -0.012227 -0.047605 0.006200 0.006202 0.992173 -0.124714 19.525000 0.048758 0.124268 0.991050 -2.481800 0.000000 0.000000 0.000000 1.000000
0.998697 -0.019146 -0.047308 0.006200 0.013408 0.992832 -0.118761 19.525000 0.049243 0.117972 0.991795 -2.481800 0.000000 0.000000 0.000000 1.000000
0.998491 -0.026296 -0.048209 0.006200 0.020740 0.993454 -0.112331 19.525000 0.050848 0.111162 0.992501 -2.481800 0.000000 0.000000 0.000000 1.000000
0.998163 -0.033469 -0.050500 0.006200 0.027993 0.994025 -0.105498 19.525000 0.053729 0.103891 0.993136 -2.481800 0.000000 0.000000 0.000000 1.000000
0.997752 -0.039609 -0.054058 0.006200 0.034150 0.994559 -0.098414 19.525000 0.057662 0.096347 0.993676 -2.481800 0.000000 0.000000 0.000000 1.000000
0.997254 -0.044982 -0.058825 0.006200 0.039511 0.995061 -0.091063 19.525000 0.062631 0.088489 0.994106 -2.481800 0.000000 0.000000 0.000000 1.000000
0.996589 -0.050472 -0.065297 0.006200 0.044978 0.995531 -0.083039 19.525000 0.069196 0.079818 0.994405 -2.481800 0.000000 0.000000 0.000000 1.000000
0.995694 -0.055574 -0.074196 0.006200 0.050084 0.996007 -0.073907 19.525000 0.078007 0.069872 0.994501 -2.481800 0.000000 0.000000 0.000000 1.000000
0.994656 -0.060034 -0.083994 0.006200 0.054701 0.996422 -0.064421 19.525000 0.087561 0.059482 0.994382 -2.481800 0.000000 0.000000 0.000000 1.000000
0.993754 -0.066311 -0.089751 0.006200 0.061298 0.996461 -0.057512 19.525000 0.093248 0.051652 0.994302 -2.481800 0.000000 0.000000 0.000000 1.000000
0.993084 -0.077782 -0.087945 0.006200 0.073178 0.995833 -0.054424 19.525000 0.091812 0.047612 0.994638 -2.481800 0.000000 0.000000 0.000000 1.000000
0.992737 -0.089541 -0.080343 0.006200 0.085429 0.994921 -0.053243 19.525000 0.084703 0.045993 0.995344 -2.481800 0.000000 0.000000 0.000000 1.000000
0.992140 -0.104490 -0.068853 0.006200 0.101026 0.993523 -0.052015 19.525000 0.073842 0.044650 0.996270 -2.481800 0.000000 0.000000 0.000000 1.000000
0.991657 -0.115091 -0.058061 0.006200 0.112315 0.992463 -0.049007 19.525000 0.063263 0.042077 0.997109 -2.481800 0.000000 0.000000 0.000000 1.000000
0.992122 -0.114980 -0.049731 0.006200 0.112829 0.992635 -0.044106 19.525000 0.054436 0.038148 0.997788 -2.481800 0.000000 0.000000 0.000000 1.000000
0.993942 -0.100753 -0.043916 0.006200 0.099125 0.994356 -0.037809 19.525000 0.047477 0.033227 0.998320 -2.481800 0.000000 0.000000 0.000000 1.000000
0.996146 -0.078341 -0.039437 0.006200 0.077137 0.996533 -0.031176 19.525000 0.041742 0.028013 0.998736 -2.481800 0.000000 0.000000 0.000000 1.000000
0.997655 -0.058085 -0.036215 0.006200 0.057166 0.998028 -0.025924 19.525000 0.037649 0.023793 0.999008 -2.481800 0.000000 0.000000 0.000000 1.000000
0.998493 -0.043490 -0.033472 0.006200 0.042709 0.998806 -0.023696 19.525000 0.034462 0.022231 0.999159 -2.481800 0.000000 0.000000 0.000000 1.000000
0.999081 -0.031830 -0.028697 0.006200 0.031115 0.999203 -0.025024 19.525000 0.029471 0.024108 0.999275 -2.481800 0.000000 0.000000 0.000000 1.000000
0.999596 -0.021400 -0.018719 0.006200 0.020853 0.999363 -0.028977 19.525000 0.019327 0.028575 0.999405 -2.481800 0.000000 0.000000 0.000000 1.000000
0.999926 -0.011919 -0.002349 0.006200 0.011832 0.999354 -0.033934 19.525000 0.002752 0.033904 0.999421 -2.481800 0.000000 0.000000 0.000000 1.000000
0.999942 -0.004075 0.009986 0.006200 0.004460 0.999233 -0.038896 19.525000 -0.009820 0.038938 0.999193 -2.481800 0.000000 0.000000 0.000000 1.000000
0.999783 0.001339 0.020783 0.006200 -0.000424 0.999032 -0.043992 19.525000 -0.020822 0.043973 0.998816 -2.481800 0.000000 0.000000 0.000000 1.000000
0.999602 0.003398 0.027992 0.006200 -0.001999 0.998755 -0.049841 19.525000 -0.028127 0.049765 0.998365 -2.481800 0.000000 0.000000 0.000000 1.000000
0.999503 0.002399 0.031426 0.006200 -0.000620 0.998403 -0.056491 19.525000 -0.031511 0.056444 0.997908 -2.481800 0.000000 0.000000 0.000000 1.000000
0.999468 -0.000125 0.032621 0.006200 0.002177 0.998020 -0.062859 19.525000 -0.032548 0.062897 0.997489 -2.481800 0.000000 0.000000 0.000000 1.000000
0.999438 -0.002021 0.033447 0.006200 0.004279 0.997705 -0.067571 19.525000 -0.033234 0.067676 0.997154 -2.481800 0.000000 0.000000 0.000000 1.000000
0.999381 -0.002453 0.035106 0.006200 0.004914 0.997522 -0.070189 19.525000 -0.034847 0.070318 0.996916 -2.481800 0.000000 0.000000 0.000000 1.000000
0.999276 -0.001093 0.038039 0.006200 0.003809 0.997439 -0.071415 19.525000 -0.037863 0.071508 0.996721 -2.481800 0.000000 0.000000 0.000000 1.000000
0.999106 0.001595 0.042243 0.006200 0.001466 0.997380 -0.072331 19.525000 -0.042248 0.072328 0.996486 -2.481800 0.000000 0.000000 0.000000 1.000000
0.998875 0.006376 0.046984 0.006200 -0.002880 0.997246 -0.074112 19.525000 -0.047328 0.073893 0.996142 -2.481800 0.000000 0.000000 0.000000 1.000000
0.998609 0.012455 0.051244 0.006200 -0.008469 0.996974 -0.077274 19.525000 -0.052051 0.076732 0.995692 -2.481800 0.000000 0.000000 0.000000 1.000000
0.998318 0.019516 0.054598 0.006200 -0.015019 0.996553 -0.081592 19.525000 -0.056002 0.080635 0.995169 -2.481800 0.000000 0.000000 0.000000 1.000000
0.998052 0.025870 0.056775 0.006200 -0.020949 0.996108 -0.085612 19.525000 -0.058769 0.084255 0.994710 -2.481800 0.000000 0.000000 0.000000 1.000000
0.997912 0.031438 0.056420 0.006200 -0.026415 0.995799 -0.087672 19.525000 -0.058939 0.085999 0.994550 -2.481800 0.000000 0.000000 0.000000 1.000000
0.997984 0.034181 0.053467 0.006200 -0.029438 0.995765 -0.087097 19.525000 -0.056218 0.085348 0.994764 -2.481800 0.000000 0.000000 0.000000 1.000000
0.998048 0.039009 0.048775 0.006200 -0.034745 0.995740 -0.085405 19.525000 -0.051898 0.083544 0.995152 -2.481800 0.000000 0.000000 0.000000 1.000000
0.998233 0.040002 0.043935 0.006200 -0.036207 0.995806 -0.084016 19.525000 -0.047112 0.082277 0.995495 -2.481800 0.000000 0.000000 0.000000 1.000000
0.998928 0.026238 0.038125 0.006200 -0.023013 0.996310 -0.082687 19.525000 -0.040154 0.081721 0.995846 -2.481800 0.000000 0.000000 0.000000 1.000000
0.999473 0.009525 0.031034 0.006200 -0.006966 0.996645 -0.081548 19.525000 -0.031707 0.081289 0.996186 -2.481800 0.000000 0.000000 0.000000 1.000000
0.999764 -0.004449 0.021273 0.006200 0.006168 0.996661 -0.081419 19.525000 -0.020840 0.081531 0.996453 -2.481800 0.000000 0.000000 0.000000 1.000000
0.999843 -0.012035 0.012971 0.006200 0.013088 0.996341 -0.084458 19.525000 -0.011907 0.084614 0.996343 -2.481800 0.000000 0.000000 0.000000 1.000000
0.999849 -0.016733 0.004662 0.006200 0.017091 0.995625 -0.091858 19.525000 -0.003105 0.091924 0.995761 -2.481800 0.000000 0.000000 0.000000 1.000000
0.999808 -0.019307 -0.003348 0.006200 0.018867 0.994642 -0.101647 19.525000 0.005293 0.101565 0.994815 -2.481800 0.000000 0.000000 0.000000 1.000000
0.999726 -0.020826 -0.010666 0.006200 0.019529 0.993755 -0.109859 19.525000 0.012887 0.109621 0.993890 -2.481800 0.000000 0.000000 0.000000 1.000000
0.999607 -0.022420 -0.016838 0.006200 0.020354 0.993253 -0.114170 19.525000 0.019285 0.113782 0.993319 -2.481800 0.000000 0.000000 0.000000 1.000000
0.999432 -0.026411 -0.020937 0.006200 0.023823 0.993024 -0.115485 19.525000 0.023841 0.114920 0.993089 -2.481800 0.000000 0.000000 0.000000 1.000000
0.999314 -0.027836 -0.024425 0.006200 0.024826 0.992953 -0.115877 19.525000 0.027478 0.115191 0.992963 -2.481800 0.000000 0.000000 0.000000 1.000000
0.999268 -0.027977 -0.026107 0.006200 0.024748 0.992858 -0.116705 19.525000 0.029186 0.115973 0.992823 -2.481800 0.000000 0.000000 0.000000 1.000000</float_array><technique_common><accessor source="#mixamorig_Spine-Matrix-animation-output-transform-array" count="83" stride="16"><param type="float4x4"/></accessor></technique_common></source><source id="mixamorig_Spine-Interpolations"><Name_array id="mixamorig_Spine-Interpolations-array" count="83">
 LINEAR LINEAR LINEAR LINEAR LINEAR LINEAR LINEAR LINEAR LINEAR LINEAR LINEAR
LINEAR LINEAR LINEAR LINEAR LINEAR LINEAR LINEAR LINEAR LINEAR LINEAR LINEAR LINEAR
LINEAR LINEAR LINEAR LINEAR LINEAR LINEAR LINEAR LINEAR LINEAR LINEAR LINEAR LINEAR
LINEAR LINEAR LINEAR LINEAR LINEAR LINEAR LINEAR LINEAR LINEAR LINEAR LINEAR LINEAR
LINEAR LINEAR LINEAR LINEAR LINEAR LINEAR LINEAR LINEAR LINEAR LINEAR LINEAR LINEAR
LINEAR LINEAR LINEAR LINEAR LINEAR LINEAR LINEAR LINEAR LINEAR LINEAR LINEAR LINEAR
LINEAR LINEAR LINEAR LINEAR LINEAR LINEAR LINEAR LINEAR LINEAR LINEAR LINEAR LINEAR</Name_array><technique_common><accessor source="#mixamorig_Spine-Interpolations-array" count="83"><param type="name"/></accessor></technique_common></source><sampler id="mixamorig_Spine-Matrix-animation-transform"><input semantic="INPUT" source="#mixamorig_Spine-Matrix-animation-input"/><input semantic="OUTPUT" source="#mixamorig_Spine-Matrix-animation-output-transform"/><input semantic="INTERPOLATION" source="#mixamorig_Spine-Interpolations"/></sampler><channel source="#mixamorig_Spine-Matrix-animation-transform" target="mixamorig_Spine/matrix"/></animation>
    <animation id="mixamorig_Spine1-anim" name="mixamorig_Spine1"><source id="mixamorig_Spine1-Matrix-animation-input"><float_array id="mixamorig_Spine1-Matrix-animation-input-array" count="83">

0.000000 0.033333 0.066667 0.100000 0.133333 0.166667 0.200000 0.233333 0.266667 0.300000 0.333333 0.366667 0.400000 0.433333 0.466667 0.500000
0.533333 0.566667 0.600000 0.633333 0.666667 0.700000 0.733333 0.766667 0.800000 0.833333 0.866667 0.900000 0.933333 0.966667 1.000000 1.033333
1.066667 1.100000 1.133333 1.166667 1.200000 1.233333 1.266667 1.300000 1.333333 1.366667 1.400000 1.433333 1.466667 1.500000 1.533333 1.566667
1.600000 1.633333 1.666667 1.700000 1.733333 1.766667 1.800000 1.833333 1.866667 1.900000 1.933333 1.966667 2.000000 2.033333 2.066667 2.100000
2.133333 2.166667 2.200000 2.233333 2.266667 2.300000 2.333333 2.366667 2.400000 2.433333 2.466667 2.500000 2.533333 2.566667 2.600000 2.633333
2.666667 2.700000 2.733333</float_array><technique_common><accessor source="#mixamorig_Spine1-Matrix-animation-input-array" count="83"><param name="TIME" type="float"/></accessor></technique_common></source><source id="mixamorig_Spine1-Matrix-animation-output-transform"><float_array id="mixamorig_Spine1-Matrix-animation-output-transform-array" count="1328">

0.993613 -0.089498 -0.068732 -0.000900 0.072216 0.972339 -0.222131 22.834999 0.086711 0.215749 0.972591 -2.825400 0.000000 0.000000 0.000000 1.000000
0.993485 -0.100046 -0.054580 -0.000900 0.086588 0.974013 -0.209289 22.834999 0.074100 0.203199 0.976330 -2.825400 0.000000 0.000000 0.000000 1.000000
0.993613 -0.104386 -0.042856 -0.000900 0.093723 0.974944 -0.201743 22.834999 0.062842 0.196438 0.978500 -2.825400 0.000000 0.000000 0.000000 1.000000
0.993990 -0.104856 -0.031444 -0.000900 0.096656 0.975511 -0.197574 22.834999 0.051390 0.193347 0.979784 -2.825400 0.000000 0.000000 0.000000 1.000000
0.994417 -0.103588 -0.020098 -0.000900 0.097776 0.976194 -0.193610 22.834999 0.039675 0.190564 0.980873 -2.825400 0.000000 0.000000 0.000000 1.000000
0.994882 -0.100346 -0.011845 -0.000900 0.096315 0.977230 -0.189066 22.834999 0.030548 0.186957 0.981893 -2.825400 0.000000 0.000000 0.000000 1.000000
0.995445 -0.094836 -0.009784 -0.000900 0.091378 0.978318 -0.185859 22.834999 0.027198 0.184119 0.982528 -2.825400 0.000000 0.000000 0.000000 1.000000
0.996145 -0.086775 -0.012822 -0.000900 0.082940 0.979360 -0.184322 22.834999 0.028552 0.182548 0.982782 -2.825400 0.000000 0.000000 0.000000 1.000000
0.997349 -0.070910 -0.016313 -0.000900 0.066783 0.981094 -0.181644 22.834999 0.028885 0.180073 0.983229 -2.825400 0.000000 0.000000 0.000000 1.000000
0.998348 -0.055085 -0.016355 -0.000900 0.051364 0.983092 -0.175762 22.834999 0.025760 0.174632 0.984297 -2.825400 0.000000 0.000000 0.000000 1.000000
0.999159 -0.039092 -0.012366 -0.000900 0.036446 0.984960 -0.168894 22.834999 0.018782 0.168301 0.985557 -2.825400 0.000000 0.000000 0.000000 1.000000
0.999692 -0.024096 -0.006022 -0.000900 0.022769 0.985970 -0.165362 22.834999 0.009922 0.165174 0.986215 -2.825400 0.000000 0.000000 0.000000 1.000000
0.999923 -0.012389 0.000960 -0.000900 0.012376 0.985912 -0.166805 22.834999 0.001120 0.166804 0.985989 -2.825400 0.000000 0.000000 0.000000 1.000000
0.999947 -0.006329 0.008065 -0.000900 0.007614 0.985253 -0.170937 22.834999 -0.006864 0.170989 0.985249 -2.825400 0.000000 0.000000 0.000000 1.000000
0.999853 -0.005929 0.016113 -0.000900 0.008656 0.984558 -0.174844 22.834999 -0.014828 0.174958 0.984464 -2.825400 0.000000 0.000000 0.000000 1.000000
0.999620 -0.007304 0.026582 -0.000900 0.011937 0.983860 -0.178543 22.834999 -0.024849 0.178792 0.983573 -2.825400 0.000000 0.000000 0.000000 1.000000
0.999178 -0.004953 0.040223 -0.000900 0.012295 0.982774 -0.184403 22.834999 -0.038617 0.184746 0.982027 -2.825400 0.000000 0.000000 0.000000 1.000000
0.998427 0.003616 0.055948 -0.000900 0.007261 0.981171 -0.193004 22.834999 -0.055592 0.193107 0.979602 -2.825400 0.000000 0.000000 0.000000 1.000000
0.997313 0.016312 0.071416 -0.000900 -0.001604 0.979522 -0.201332 22.834999 -0.073238 0.200676 0.976916 -2.825400 0.000000 0.000000 0.000000 1.000000
0.995931 0.030049 0.084966 -0.000900 -0.011881 0.978327 -0.206726 22.834999 -0.089337 0.204875 0.974703 -2.825400 0.000000 0.000000 0.000000 1.000000
0.994355 0.044612 0.096270 -0.000900 -0.023365 0.977108 -0.211458 22.834999 -0.103500 0.208015 0.972634 -2.825400 0.000000 0.000000 0.000000 1.000000
0.992557 0.062754 0.104366 -0.000900 -0.038349 0.974469 -0.221224 22.834999 -0.115584 0.215575 0.969623 -2.825400 0.000000 0.000000 0.000000 1.000000
0.990568 0.087200 0.105691 -0.000900 -0.060018 0.969552 -0.237418 22.834999 -0.123176 0.228836 0.965641 -2.825400 0.000000 0.000000 0.000000 1.000000
0.988571 0.116599 0.095559 -0.000900 -0.088946 0.962906 -0.254756 22.834999 -0.121719 0.243345 0.962272 -2.825400 0.000000 0.000000 0.000000 1.000000
0.987078 0.142704 0.072892 -0.000900 -0.118709 0.956755 -0.265572 22.834999 -0.107638 0.253487 0.961331 -2.825400 0.000000 0.000000 0.000000 1.000000
0.987213 0.153529 0.042887 -0.000900 -0.136668 0.953667 -0.268033 22.834999 -0.082051 0.258745 0.962455 -2.825400 0.000000 0.000000 0.000000 1.000000
0.989675 0.142674 0.013680 -0.000900 -0.133863 0.954203 -0.267541 22.834999 -0.051224 0.262947 0.963449 -2.825400 0.000000 0.000000 0.000000 1.000000
0.993330 0.114895 -0.009686 -0.000900 -0.113247 0.956390 -0.269246 22.834999 -0.021671 0.268547 0.963023 -2.825400 0.000000 0.000000 0.000000 1.000000
0.996274 0.081721 -0.027548 -0.000900 -0.086137 0.958501 -0.271763 22.834999 0.004196 0.273124 0.961970 -2.825400 0.000000 0.000000 0.000000 1.000000
0.997751 0.051679 -0.042684 -0.000900 -0.061333 0.960785 -0.270428 22.834999 0.027035 0.272438 0.961793 -2.825400 0.000000 0.000000 0.000000 1.000000
0.998076 0.026296 -0.056156 -0.000900 -0.040216 0.963835 -0.263447 22.834999 0.047197 0.265198 0.963038 -2.825400 0.000000 0.000000 0.000000 1.000000
0.997774 0.003678 -0.066578 -0.000900 -0.020453 0.967225 -0.253096 22.834999 0.063465 0.253894 0.965148 -2.825400 0.000000 0.000000 0.000000 1.000000
0.997203 -0.017464 -0.072666 -0.000900 -0.000671 0.970181 -0.242379 22.834999 0.074732 0.241750 0.967456 -2.825400 0.000000 0.000000 0.000000 1.000000
0.996445 -0.037527 -0.075423 -0.000900 0.019037 0.972448 -0.232340 22.834999 0.082064 0.230079 0.969706 -2.825400 0.000000 0.000000 0.000000 1.000000
0.995352 -0.056913 -0.077688 -0.000900 0.038350 0.974215 -0.222340 22.834999 0.088339 0.218327 0.971869 -2.825400 0.000000 0.000000 0.000000 1.000000
0.993780 -0.075353 -0.082001 -0.000900 0.056511 0.975694 -0.211723 22.834999 0.095962 0.205772 0.973883 -2.825400 0.000000 0.000000 0.000000 1.000000
0.991805 -0.091436 -0.089227 -0.000900 0.072040 0.977048 -0.200471 22.834999 0.105509 0.192400 0.975628 -2.825400 0.000000 0.000000 0.000000 1.000000
0.989627 -0.104142 -0.098961 -0.000900 0.084073 0.978396 -0.188871 22.834999 0.116492 0.178592 0.977003 -2.825400 0.000000 0.000000 0.000000 1.000000
0.987219 -0.114813 -0.110529 -0.000900 0.094128 0.979708 -0.176953 22.834999 0.128603 0.164288 0.977993 -2.825400 0.000000 0.000000 0.000000 1.000000
0.984248 -0.126623 -0.123383 -0.000900 0.105578 0.980747 -0.164281 22.834999 0.141809 0.148666 0.978667 -2.825400 0.000000 0.000000 0.000000 1.000000
0.980433 -0.141104 -0.137260 -0.000900 0.120154 0.981279 -0.150516 22.834999 0.155929 0.131078 0.979033 -2.825400 0.000000 0.000000 0.000000 1.000000
0.976080 -0.155242 -0.152212 -0.000900 0.134835 0.981444 -0.136335 22.834999 0.170552 0.112551 0.978899 -2.825400 0.000000 0.000000 0.000000 1.000000
0.972146 -0.164219 -0.167224 -0.000900 0.144489 0.981696 -0.124077 22.834999 0.184539 0.096459 0.978080 -2.825400 0.000000 0.000000 0.000000 1.000000
0.969611 -0.167265 -0.178543 -0.000900 0.148347 0.982273 -0.114602 22.834999 0.194547 0.084633 0.977235 -2.825400 0.000000 0.000000 0.000000 1.000000
0.968636 -0.171044 -0.180247 -0.000900 0.153407 0.982274 -0.107724 22.834999 0.195478 0.076694 0.977705 -2.825400 0.000000 0.000000 0.000000 1.000000
0.968761 -0.181434 -0.169066 -0.000900 0.165800 0.980816 -0.102520 22.834999 0.184423 0.071286 0.980258 -2.825400 0.000000 0.000000 0.000000 1.000000
0.969885 -0.193087 -0.148463 -0.000900 0.180066 0.978883 -0.096767 22.834999 0.164012 0.067119 0.984172 -2.825400 0.000000 0.000000 0.000000 1.000000
0.973219 -0.192225 -0.126069 -0.000900 0.181989 0.979325 -0.088331 22.834999 0.140442 0.063022 0.988081 -2.825400 0.000000 0.000000 0.000000 1.000000
0.979467 -0.170654 -0.107340 -0.000900 0.162973 0.983643 -0.076726 22.834999 0.118678 0.057657 0.991257 -2.825400 0.000000 0.000000 0.000000 1.000000
0.986598 -0.133888 -0.093270 -0.000900 0.128306 0.989700 -0.063499 22.834999 0.100811 0.050681 0.993614 -2.825400 0.000000 0.000000 0.000000 1.000000
0.992016 -0.095113 -0.082816 -0.000900 0.090989 0.994481 -0.052240 22.834999 0.087327 0.044287 0.995195 -2.825400 0.000000 0.000000 0.000000 1.000000
0.995234 -0.063549 -0.073970 -0.000900 0.060180 0.997084 -0.046923 22.834999 0.076737 0.042248 0.996156 -2.825400 0.000000 0.000000 0.000000 1.000000
