<?xml version="1.0" encoding="utf-8"?>
<COLLADA xmlns="http://www.collada.org/2005/11/COLLADASchema" version="1.4.1">
  <asset><contributor><author>Mixamo</author><authoring_tool>COLLADA Mixamo exporter</authoring_tool><comments></comments></contributor><created>2018-09-27T04:39:29Z</created><modified>2018-09-27T04:39:29Z</modified><revision></revision><title></title><unit meter="0.010000"/><up_axis>Y_UP</up_axis></asset>
  <library_animations>
    <animation id="mixamorig_Hips-anim" name="mixamorig_Hips"><source id="mixamorig_Hips-Matrix-animation-input"><float_array id="mixamorig_Hips-Matrix-animation-input-array" count="143">

0.000000 0.033333 0.066667 0.100000 0.133333 0.166667 0.200000 0.233333 0.266667 0.300000 0.333333 0.366667 0.400000 0.433333 0.466667 0.500000
0.533333 0.566667 0.600000 0.633333 0.666667 0.700000 0.733333 0.766667 0.800000 0.833333 0.866667 0.900000 0.933333 0.966667 1.000000 1.033333
1.066667 1.100000 1.133333 1.166667 1.200000 1.233333 1.266667 1.300000 1.333333 1.366667 1.400000 1.433333 1.466667 1.500000 1.533333 1.566667
1.600000 1.633333 1.666667 1.700000 1.733333 1.766667 1.800000 1.833333 1.866667 1.900000 1.933333 1.966667 2.000000 2.033333 2.066667 2.100000
2.133333 2.166667 2.200000 2.233333 2.266667 2.300000 2.333333 2.366667 2.400000 2.433333 2.466667 2.500000 2.533333 2.566667 2.600000 2.633333
2.666667 2.700000 2.733333 2.766667 2.800000 2.833333 2.866667 2.900000 2.933333 2.966667 3.000000 3.033333 3.066667 3.100000 3.133333 3.166667
3.200000 3.233333 3.266667 3.300000 3.333333 3.366667 3.400000 3.433333 3.466667 3.500000 3.533333 3.566667 3.600000 3.633333 3.666667 3.700000
3.733333 3.766667 3.800000 3.833333 3.866667 3.900000 3.933333 3.966667 4.000000 4.033333 4.066667 4.100000 4.133333 4.166667 4.200000 4.233333
4.266667 4.300000 4.333333 4.366667 4.400000 4.433333 4.466667 4.500000 4.533333 4.566667 4.600000 4.633333 4.666667 4.700000 4.733333</float_array><technique_common><accessor source="#mixamorig_Hips-Matrix-animation-input-array" count="143"><param name="TIME" type="float"/></accessor></technique_common></source><source id="mixamorig_Hips-Matrix-animation-output-transform"><float_array id="mixamorig_Hips-Matrix-animation-output-transform-array" count="2288">

0.992236 -0.117910 -0.039561 -0.742163 0.120496 0.990170 0.071025 190.637192 0.030798 -0.075240 0.996690 -0.430942 0.000000 0.000000 0.000000 1.000000
0.995843 -0.088081 -0.023192 -2.641296 0.089559 0.993294 0.073112 190.598450 0.016597 -0.074885 0.997054 -0.112912 0.000000 0.000000 0.000000 1.000000
0.998827 -0.047389 -0.009903 -5.291210 0.048017 0.995816 0.077748 190.324829 0.006177 -0.078133 0.996924 0.290142 0.000000 0.000000 0.000000 1.000000
0.999997 0.001739 0.001646 -8.535961 -0.001871 0.996486 0.083735 189.880173 -0.001495 -0.083738 0.996487 0.748303 0.000000 0.000000 0.000000 1.000000
0.998377 0.054455 0.016696 -11.998088 -0.055730 0.994476 0.088950 189.228958 -0.011760 -0.089736 0.995896 1.157975 0.000000 0.000000 0.000000 1.000000
0.993544 0.105162 0.042556 -15.224401 -0.108705 0.989813 0.091939 188.161026 -0.032454 -0.095972 0.994855 1.355118 0.000000 0.000000 0.000000 1.000000
0.985563 0.148888 0.080611 -17.908106 -0.156275 0.983158 0.094754 186.502640 -0.065146 -0.105983 0.992232 1.209244 0.000000 0.000000 0.000000 1.000000
0.976364 0.179889 0.119803 -19.961548 -0.192486 0.975830 0.103468 184.472198 -0.098294 -0.124083 0.987391 0.719483 0.000000 0.000000 0.000000 1.000000
0.970877 0.192928 0.142047 -21.422230 -0.210728 0.969752 0.123190 182.777817 -0.113983 -0.149535 0.982164 0.029423 0.000000 0.000000 0.000000 1.000000
0.972791 0.186936 0.136870 -22.271080 -0.206859 0.966847 0.149718 182.212570 -0.104344 -0.173957 0.979209 -0.649632 0.000000 0.000000 0.000000 1.000000
0.979890 0.166343 0.110207 -22.325752 -0.183365 0.968485 0.168564 183.088013 -0.078694 -0.185382 0.979510 -1.132890 0.000000 0.000000 0.000000 1.000000
0.987393 0.137638 0.078174 -21.351601 -0.149075 0.974637 0.166913 185.037766 -0.053218 -0.176463 0.982868 -1.330353 0.000000 0.000000 0.000000 1.000000
0.993219 0.104083 0.051792 -19.328741 -0.110623 0.983124 0.145706 187.297150 -0.035752 -0.150448 0.987971 -1.293721 0.000000 0.000000 0.000000 1.000000
0.997546 0.063964 0.028477 -16.606945 -0.066902 0.990732 0.118211 189.083496 -0.020651 -0.119826 0.992580 -1.215172 0.000000 0.000000 0.000000 1.000000
0.999895 0.014393 -0.001866 -13.768497 -0.014138 0.995008 0.098793 189.813141 0.003278 -0.098756 0.995106 -1.333286 0.000000 0.000000 0.000000 1.000000
0.998188 -0.041422 -0.043654 -11.284337 0.045367 0.994572 0.093640 189.319153 0.039538 -0.095451 0.994649 -1.760313 0.000000 0.000000 0.000000 1.000000
0.991844 -0.092082 -0.088121 -9.315365 0.100826 0.989812 0.100535 188.070267 0.077966 -0.108600 0.991023 -2.358381 0.000000 0.000000 0.000000 1.000000
0.985251 -0.123929 -0.117995 -7.779614 0.137381 0.983976 0.113658 187.068359 0.102019 -0.128191 0.986488 -2.805903 0.000000 0.000000 0.000000 1.000000
0.983978 -0.131405 -0.120501 -6.574151 0.146342 0.981322 0.124866 187.196747 0.101842 -0.140500 0.984829 -2.861661 0.000000 0.000000 0.000000 1.000000
0.987902 -0.120717 -0.097353 -5.697029 0.132397 0.983396 0.124110 188.520279 0.080754 -0.135498 0.987481 -2.600628 0.000000 0.000000 0.000000 1.000000
0.992382 -0.104803 -0.064770 -5.246022 0.111314 0.988030 0.106802 190.186707 0.052802 -0.113198 0.992168 -2.384891 0.000000 0.000000 0.000000 1.000000
0.994530 -0.095180 -0.043020 -5.342042 0.098428 0.991839 0.081044 191.023941 0.034955 -0.084835 0.995782 -2.586711 0.000000 0.000000 0.000000 1.000000
0.994468 -0.095953 -0.042740 -6.011096 0.098557 0.993093 0.063660 190.362488 0.036336 -0.067520 0.997056 -3.325654 0.000000 0.000000 0.000000 1.000000
0.992931 -0.102911 -0.059143 -7.149133 0.106902 0.991885 0.068824 188.527283 0.051580 -0.074660 0.995874 -4.437795 0.000000 0.000000 0.000000 1.000000
0.991309 -0.106591 -0.077103 -8.617613 0.113885 0.988711 0.097372 186.731018 0.065853 -0.105307 0.992257 -5.604959 0.000000 0.000000 0.000000 1.000000
0.991840 -0.097851 -0.081727 -10.378611 0.108065 0.985382 0.131697 186.298889 0.067645 -0.139454 0.987915 -6.476625 0.000000 0.000000 0.000000 1.000000
0.995117 -0.072658 -0.066812 -12.496947 0.081664 0.986230 0.143808 187.690643 0.055443 -0.148562 0.987348 -6.779728 0.000000 0.000000 0.000000 1.000000
0.998751 -0.033564 -0.037001 -15.027386 0.037683 0.992427 0.116916 190.086655 0.032797 -0.118164 0.992452 -6.481935 0.000000 0.000000 0.000000 1.000000
0.999913 0.012751 -0.003303 -17.907349 -0.012518 0.997935 0.063000 192.040482 0.004099 -0.062953 0.998008 -5.894272 0.000000 0.000000 0.000000 1.000000
0.997819 0.060712 0.025910 -20.913528 -0.061138 0.998001 0.015985 192.566818 -0.024888 -0.017534 0.999536 -5.513824 0.000000 0.000000 0.000000 1.000000
0.992616 0.109899 0.051341 -23.698189 -0.110267 0.993892 0.004366 191.508606 -0.050548 -0.009995 0.998672 -5.659719 0.000000 0.000000 0.000000 1.000000
0.983524 0.162681 0.078838 -25.937494 -0.165593 0.985678 0.031893 189.191132 -0.072520 -0.044422 0.996377 -6.270158 0.000000 0.000000 0.000000 1.000000
0.970526 0.215452 0.107981 -27.557453 -0.224609 0.971055 0.081253 186.209076 -0.087349 -0.103111 0.990827 -7.029012 0.000000 0.000000 0.000000 1.000000
0.957833 0.257135 0.128213 -28.768486 -0.273291 0.953073 0.130245 183.532883 -0.088706 -0.159792 0.983157 -7.608022 0.000000 0.000000 0.000000 1.000000
0.951429 0.278938 0.130296 -29.856047 -0.298022 0.940629 0.162479 182.168808 -0.077238 -0.193418 0.978071 -7.806450 0.000000 0.000000 0.000000 1.000000
0.951372 0.283781 0.119831 -30.925289 -0.301079 0.938874 0.166934 182.371368 -0.065134 -0.194895 0.978659 -7.574936 0.000000 0.000000 0.000000 1.000000
0.951789 0.283841 0.116324 -31.826378 -0.298610 0.944116 0.139563 183.383575 -0.070210 -0.167570 0.983357 -7.035873 0.000000 0.000000 0.000000 1.000000
0.947266 0.289643 0.137090 -32.282684 -0.303054 0.948761 0.089506 184.139114 -0.104141 -0.126332 0.986506 -6.473950 0.000000 0.000000 0.000000 1.000000
0.935791 0.302238 0.181516 -32.082230 -0.313989 0.948616 0.039223 184.099457 -0.160335 -0.093698 0.982605 -6.194837 0.000000 0.000000 0.000000 1.000000
0.920809 0.314309 0.230914 -31.181622 -0.326381 0.945119 0.015051 183.371948 -0.213510 -0.089225 0.972858 -6.358144 0.000000 0.000000 0.000000 1.000000
0.911609 0.316951 0.261746 -29.660351 -0.336201 0.941276 0.031118 182.288483 -0.236512 -0.116367 0.964635 -6.940332 0.000000 0.000000 0.000000 1.000000
0.916137 0.305400 0.259663 -27.631834 -0.335139 0.938924 0.078124 181.263580 -0.219944 -0.158595 0.962534 -7.779279 0.000000 0.000000 0.000000 1.000000
0.932653 0.280643 0.226711 -25.212118 -0.314265 0.940602 0.128476 180.914139 -0.177189 -0.191071 0.965451 -8.595760 0.000000 0.000000 0.000000 1.000000
0.952242 0.246799 0.179790 -22.566254 -0.275294 0.948640 0.155867 181.836075 -0.132088 -0.197919 0.971278 -9.078188 0.000000 0.000000 0.000000 1.000000
0.968486 0.207035 0.138463 -19.915539 -0.227356 0.961872 0.152025 184.068741 -0.101709 -0.178715 0.978630 -9.063450 0.000000 0.000000 0.000000 1.000000
0.980800 0.161211 0.109735 -17.443575 -0.174541 0.976653 0.125235 186.957001 -0.086984 -0.141984 0.986040 -8.632721 0.000000 0.000000 0.000000 1.000000
0.990553 0.107991 0.084513 -15.192282 -0.115441 0.989329 0.088885 189.619278 -0.074012 -0.097801 0.992450 -7.995662 0.000000 0.000000 0.000000 1.000000
0.997641 0.049590 0.047461 -13.097753 -0.052169 0.997137 0.054732 191.445633 -0.044611 -0.057079 0.997372 -7.332688 0.000000 0.000000 0.000000 1.000000
0.999930 -0.006826 -0.009693 -11.145854 0.007133 0.999463 0.031977 192.161118 0.009470 -0.032044 0.999442 -6.769410 0.000000 0.000000 0.000000 1.000000
0.995423 -0.052676 -0.079741 -9.430823 0.054996 0.998116 0.027185 191.702057 0.078159 -0.031446 0.996445 -6.389032 0.000000 0.000000 0.000000 1.000000
0.986269 -0.084646 -0.141803 -8.076093 0.091399 0.994937 0.041797 190.265411 0.137548 -0.054184 0.989012 -6.163642 0.000000 0.000000 0.000000 1.000000
0.979032 -0.105855 -0.174043 -7.076542 0.119332 0.990463 0.068863 188.557739 0.165093 -0.088188 0.982327 -5.901818 0.000000 0.000000 0.000000 1.000000
0.978164 -0.121468 -0.168644 -6.306056 0.138711 0.985814 0.094500 187.601273 0.154773 -0.115829 0.981136 -5.383500 0.000000 0.000000 0.000000 1.000000
0.981633 -0.133030 -0.136748 -5.674936 0.147819 0.983494 0.104351 188.031189 0.120609 -0.122649 0.985094 -4.585958 0.000000 0.000000 0.000000 1.000000
0.985201 -0.138627 -0.100802 -5.267228 0.147850 0.984850 0.090618 189.505066 0.086712 -0.104180 0.990771 -3.723012 0.000000 0.000000 0.000000 1.000000
0.986722 -0.139621 -0.082983 -5.295746 0.144557 0.987867 0.056756 190.905304 0.074052 -0.067998 0.994933 -3.047397 0.000000 0.000000 0.000000 1.000000
0.984713 -0.144159 -0.097767 -5.920138 0.146587 0.989032 0.018087 191.155090 0.094087 -0.032142 0.995045 -2.693867 0.000000 0.000000 0.000000 1.000000
0.976472 -0.159032 -0.145639 -7.143322 0.160025 0.987101 -0.004950 189.940033 0.144547 -0.018472 0.989325 -2.737127 0.000000 0.000000 0.000000 1.000000
0.962569 -0.176893 -0.205351 -8.909705 0.180944 0.983493 0.000963 187.902725 0.201791 -0.038084 0.978688 -3.258098 0.000000 0.000000 0.000000 1.000000
0.955285 -0.176450 -0.237268 -11.274276 0.190033 0.981137 0.035463 186.218948 0.226535 -0.078966 0.970797 -4.215448 0.000000 0.000000 0.000000 1.000000
0.968861 -0.139525 -0.204551 -14.380798 0.159323 0.983674 0.083672 185.769257 0.189537 -0.113657 0.975273 -5.303246 0.000000 0.000000 0.000000 1.000000
0.993002 -0.067268 -0.097068 -18.225946 0.078363 0.990221 0.115422 186.397736 0.088354 -0.122220 0.988562 -6.085151 0.000000 0.000000 0.000000 1.000000
0.998234 0.021125 0.055514 -22.484838 -0.026860 0.994142 0.104687 187.072357 -0.052977 -0.105994 0.992955 -6.340443 0.000000 0.000000 0.000000 1.000000
0.973343 0.106716 0.203016 -26.594549 -0.120646 0.991029 0.057489 186.835876 -0.195060 -0.080450 0.977486 -6.238090 0.000000 0.000000 0.000000 1.000000
0.930817 0.185799 0.314735 -30.025608 -0.195922 0.980619 0.000539 185.327042 -0.308535 -0.062166 0.949179 -6.152472 0.000000 0.000000 0.000000 1.000000
0.884972 0.258636 0.387212 -32.559956 -0.262697 0.963900 -0.043437 182.644867 -0.384468 -0.063279 0.920967 -6.390921 0.000000 0.000000 0.000000 1.000000
0.849966 0.309961 0.426006 -34.243439 -0.315990 0.946955 -0.058538 179.231567 -0.421553 -0.084858 0.902824 -7.108138 0.000000 0.000000 0.000000 1.000000
0.843903 0.314268 0.434813 -35.025478 -0.331738 0.942628 -0.037449 176.128754 -0.421636 -0.112641 0.899742 -8.369275 0.000000 0.000000 0.000000 1.000000
0.873075 0.259248 0.412953 -34.662292 -0.287262 0.957833 0.006017 174.645660 -0.393980 -0.123879 0.910732 -10.128284 0.000000 0.000000 0.000000 1.000000
0.918883 0.161131 0.360127 -33.038158 -0.186525 0.981766 0.036657 175.314804 -0.347654 -0.100856 0.932183 -12.074748 0.000000 0.000000 0.000000 1.000000
0.956260 0.054478 0.287400 -30.468794 -0.064973 0.997519 0.027098 177.248749 -0.285211 -0.044586 0.957427 -13.720737 0.000000 0.000000 0.000000 1.000000
0.976619 -0.038232 0.211552 -27.640800 0.042794 0.998939 -0.017024 178.762634 -0.210676 0.025679 0.977219 -14.765654 0.000000 0.000000 0.000000 1.000000
0.982249 -0.123471 0.141214 -25.260073 0.134312 0.988465 -0.069973 178.400726 -0.130945 0.087698 0.987503 -15.373765 0.000000 0.000000 0.000000 1.000000
0.973777 -0.212893 0.080211 -23.656748 0.220903 0.969116 -0.109614 175.687698 -0.054398 0.124459 0.990733 -16.082211 0.000000 0.000000 0.000000 1.000000
0.955079 -0.294073 0.036677 -22.791752 0.296349 0.947250 -0.122044 171.252869 0.001147 0.127431 0.991847 -17.291677 0.000000 0.000000 0.000000 1.000000
0.941894 -0.335324 0.019835 -22.605589 0.335576 0.936683 -0.100068 166.452774 0.014976 0.100909 0.994783 -18.777704 0.000000 0.000000 0.000000 1.000000
0.947743 -0.317533 0.030904 -23.257656 0.318782 0.946390 -0.052186 162.738922 -0.012677 0.059311 0.998159 -19.861345 0.000000 0.000000 0.000000 1.000000
0.966167 -0.250749 0.060379 -24.927311 0.251452 0.967861 -0.004207 160.875198 -0.057384 0.019247 0.998167 -20.072447 0.000000 0.000000 0.000000 1.000000
0.982398 -0.162056 0.092907 -27.507086 0.160656 0.986756 0.022409 160.582520 -0.095308 -0.007089 0.995423 -19.531670 0.000000 0.000000 0.000000 1.000000
0.990349 -0.069053 0.120169 -30.550434 0.066371 0.997451 0.026187 160.918518 -0.121671 -0.017958 0.992408 -18.706116 0.000000 0.000000 0.000000 1.000000
0.988371 0.032906 0.148456 -33.476513 -0.035584 0.999248 0.015419 160.960327 -0.147837 -0.020523 0.988799 -17.894974 0.000000 0.000000 0.000000 1.000000
0.969966 0.153858 0.188400 -35.839119 -0.155582 0.987807 -0.005694 160.108704 -0.186978 -0.023789 0.982076 -17.089722 0.000000 0.000000 0.000000 1.000000
0.929284 0.283251 0.237066 -37.486538 -0.282847 0.958472 -0.036459 158.066788 -0.237548 -0.033172 0.970809 -16.297617 0.000000 0.000000 0.000000 1.000000
0.879399 0.388195 0.275614 -38.507687 -0.385120 0.920391 -0.067548 154.853928 -0.279894 -0.046742 0.958892 -15.781915 0.000000 0.000000 0.000000 1.000000
0.850742 0.440233 0.287113 -38.999039 -0.436431 0.896101 -0.080815 151.019379 -0.292859 -0.056552 0.954482 -15.915893 0.000000 0.000000 0.000000 1.000000
0.859933 0.435225 0.266634 -38.903843 -0.432833 0.898677 -0.070956 147.393723 -0.270500 -0.054391 0.961182 -16.846106 0.000000 0.000000 0.000000 1.000000
0.894187 0.389958 0.219914 -38.024834 -0.387950 0.920091 -0.054101 144.646027 -0.223438 -0.036939 0.974018 -18.353354 0.000000 0.000000 0.000000 1.000000
0.932454 0.321955 0.163934 -36.258350 -0.318711 0.946713 -0.046454 143.002869 -0.170154 -0.008932 0.985377 -20.063570 0.000000 0.000000 0.000000 1.000000
0.966341 0.229896 0.115469 -33.921520 -0.225804 0.973013 -0.047524 142.249802 -0.123278 0.019851 0.992174 -21.695108 0.000000 0.000000 0.000000 1.000000
0.991934 0.101116 0.076433 -31.717072 -0.097524 0.994009 -0.049355 141.852768 -0.080965 0.041503 0.995852 -23.065161 0.000000 0.000000 0.000000 1.000000
0.997819 -0.053057 0.039272 -30.180401 0.055015 0.997204 -0.050574 141.253632 -0.036479 0.052624 0.997948 -23.997778 0.000000 0.000000 0.000000 1.000000
0.983183 -0.182566 0.004668 -29.257998 0.182550 0.981725 -0.053774 140.401031 0.005235 0.053722 0.998542 -24.332649 0.000000 0.000000 0.000000 1.000000
0.970655 -0.240023 -0.014778 -28.626978 0.238978 0.969631 -0.052015 139.934357 0.026814 0.046956 0.998537 -24.050491 0.000000 0.000000 0.000000 1.000000
0.974319 -0.225029 -0.007991 -28.204323 0.224627 0.973820 -0.034898 140.577057 0.015635 0.032207 0.999359 -23.301073 0.000000 0.000000 0.000000 1.000000
0.983856 -0.177708 0.021135 -28.155079 0.177847 0.984046 -0.004883 142.688995 -0.019930 0.008563 0.999765 -22.246700 0.000000 0.000000 0.000000 1.000000
0.989287 -0.136795 0.050983 -28.589701 0.135529 0.990391 0.027536 146.425781 -0.054260 -0.020332 0.998320 -20.917809 0.000000 0.000000 0.000000 1.000000
0.992246 -0.108929 0.059861 -29.348297 0.105748 0.992927 0.053969 151.853622 -0.065316 -0.047221 0.996747 -19.267544 0.000000 0.000000 0.000000 1.000000
0.995688 -0.080629 0.045876 -30.174492 0.077307 0.994541 0.070091 158.804413 -0.051277 -0.066242 0.996485 -17.292805 0.000000 0.000000 0.000000 1.000000
0.998581 -0.046377 0.026190 -30.986174 0.044289 0.996173 0.075350 166.630020 -0.029584 -0.074083 0.996813 -15.044874 0.000000 0.000000 0.000000 1.000000
0.999709 -0.014432 0.019349 -31.852304 0.013075 0.997564 0.068515 174.205795 -0.020290 -0.068242 0.997462 -12.588628 0.000000 0.000000 0.000000 1.000000
0.999514 0.007335 0.030286 -32.777519 -0.008788 0.998804 0.048103 180.391129 -0.029897 -0.048346 0.998383 -10.039469 0.000000 0.000000 0.000000 1.000000
0.998493 0.019978 0.051110 -33.639820 -0.021017 0.999582 0.019858 184.611237 -0.050692 -0.020902 0.998496 -7.665549 0.000000 0.000000 0.000000 1.000000
0.997037 0.028142 0.071597 -34.323940 -0.028095 0.999604 -0.001670 186.977997 -0.071616 -0.000346 0.997432 -5.876076 0.000000 0.000000 0.000000 1.000000
0.995725 0.032939 0.086292 -34.832169 -0.032886 0.999457 -0.002034 187.992020 -0.086312 -0.000812 0.996268 -4.981166 0.000000 0.000000 0.000000 1.000000
0.994993 0.033009 0.094338 -35.233311 -0.035126 0.999165 0.020864 188.271194 -0.093570 -0.024073 0.995322 -4.885721 0.000000 0.000000 0.000000 1.000000
0.994871 0.029409 0.096779 -35.558285 -0.034604 0.998024 0.052447 188.481735 -0.095045 -0.055527 0.993923 -5.064207 0.000000 0.000000 0.000000 1.000000
0.995112 0.025909 0.095296 -35.798386 -0.032758 0.996936 0.071030 189.153015 -0.093163 -0.073804 0.992912 -4.943226 0.000000 0.000000 0.000000 1.000000
0.995426 0.025231 0.092142 -35.982773 -0.031210 0.997459 0.064043 190.302444 -0.090292 -0.066626 0.993684 -4.371450 0.000000 0.000000 0.000000 1.000000
0.995535 0.027888 0.090182 -36.189888 -0.031310 0.998834 0.036755 191.277267 -0.089052 -0.039415 0.995247 -3.719500 0.000000 0.000000 0.000000 1.000000
0.995099 0.034899 0.092521 -36.458164 -0.035805 0.999326 0.008151 191.207520 -0.092174 -0.011424 0.995677 -3.522202 0.000000 0.000000 0.000000 1.000000
0.993775 0.048029 0.100524 -36.726883 -0.048174 0.998838 -0.000987 189.780624 -0.100455 -0.003862 0.994934 -4.013945 0.000000 0.000000 0.000000 1.000000
0.991716 0.065324 0.110595 -36.887985 -0.067797 0.997523 0.018748 187.635681 -0.109097 -0.026090 0.993689 -4.948551 0.000000 0.000000 0.000000 1.000000
0.990330 0.078602 0.114318 -36.883396 -0.085558 0.994686 0.057263 186.022858 -0.109210 -0.066491 0.991792 -5.790623 0.000000 0.000000 0.000000 1.000000
0.991261 0.079174 0.105513 -36.727161 -0.088745 0.992041 0.089330 185.952362 -0.097600 -0.097913 0.990397 -6.097264 0.000000 0.000000 0.000000 1.000000
0.993856 0.066778 0.088261 -36.445782 -0.074915 0.992905 0.092345 187.468414 -0.081468 -0.098390 0.991808 -5.812890 0.000000 0.000000 0.000000 1.000000
0.995858 0.051203 0.075133 -36.035088 -0.056100 0.996334 0.064588 189.581573 -0.071551 -0.068535 0.995080 -5.271618 0.000000 0.000000 0.000000 1.000000
0.996141 0.044969 0.075367 -35.494099 -0.047041 0.998556 0.025945 190.980621 -0.074091 -0.029391 0.996818 -4.935386 0.000000 0.000000 0.000000 1.000000
0.994692 0.055490 0.086653 -34.869946 -0.055751 0.998445 0.000593 190.907623 -0.086485 -0.005421 0.996238 -5.097658 0.000000 0.000000 0.000000 1.000000
0.991548 0.083272 0.099486 -34.208645 -0.083804 0.996482 0.001182 189.494080 -0.099037 -0.009509 0.995038 -5.762350 0.000000 0.000000 0.000000 1.000000
0.986824 0.122268 0.105969 -33.485664 -0.125593 0.991760 0.025269 187.557770 -0.102006 -0.038245 0.994048 -6.684378 0.000000 0.000000 0.000000 1.000000
0.981791 0.159654 0.102946 -32.643806 -0.166260 0.984310 0.059087 186.144135 -0.091897 -0.075127 0.992930 -7.460989 0.000000 0.000000 0.000000 1.000000
0.979282 0.180966 0.090875 -31.684130 -0.188644 0.978404 0.084489 186.047943 -0.073623 -0.099881 0.992272 -7.693337 0.000000 0.000000 0.000000 1.000000
0.980817 0.180589 0.073393 -30.663055 -0.186729 0.978479 0.087817 187.338135 -0.055955 -0.099837 0.993429 -7.239162 0.000000 0.000000 0.000000 1.000000
0.984365 0.166824 0.056521 -29.595562 -0.170473 0.983054 0.067414 189.277145 -0.044317 -0.075996 0.996123 -6.371220 0.000000 0.000000 0.000000 1.000000
0.987037 0.154088 0.044891 -28.419439 -0.155702 0.987184 0.034987 190.782150 -0.038924 -0.041523 0.998379 -5.644515 0.000000 0.000000 0.000000 1.000000
0.987894 0.150319 0.038333 -27.085638 -0.150766 0.988528 0.009041 191.079346 -0.036534 -0.014711 0.999224 -5.519043 0.000000 0.000000 0.000000 1.000000
0.987494 0.153997 0.033760 -25.614063 -0.154250 0.988019 0.005017 190.094238 -0.032583 -0.010162 0.999417 -6.034013 0.000000 0.000000 0.000000 1.000000
0.986691 0.159987 0.029056 -24.043663 -0.160772 0.986622 0.027024 188.429901 -0.024344 -0.031336 0.999212 -6.787632 0.000000 0.000000 0.000000 1.000000
0.986260 0.163577 0.023086 -22.370361 -0.164748 0.984233 0.064364 187.038071 -0.012194 -0.067283 0.997659 -7.198042 0.000000 0.000000 0.000000 1.000000
0.987050 0.159843 0.013529 -20.565731 -0.160399 0.982280 0.096946 186.727753 0.002207 -0.097861 0.995198 -6.858714 0.000000 0.000000 0.000000 1.000000
0.989418 0.145081 -0.001945 -18.614641 -0.144024 0.983656 0.108065 187.729462 0.017591 -0.106641 0.994142 -5.768798 0.000000 0.000000 0.000000 1.000000
0.992463 0.120583 -0.021832 -16.518148 -0.118015 0.988482 0.094741 189.581482 0.033004 -0.091451 0.995263 -4.287530 0.000000 0.000000 0.000000 1.000000
0.994938 0.091891 -0.040674 -14.285950 -0.088991 0.993699 0.068146 191.459488 0.046680 -0.064181 0.996846 -2.866067 0.000000 0.000000 0.000000 1.000000
0.996547 0.062381 -0.054788 -11.954065 -0.059953 0.997191 0.044903 192.623337 0.057435 -0.041463 0.997488 -1.794806 0.000000 0.000000 0.000000 1.000000
0.997308 0.029933 -0.066937 -9.599091 -0.027536 0.998956 0.036444 192.650879 0.067958 -0.034503 0.997091 -1.143781 0.000000 0.000000 0.000000 1.000000
0.996535 -0.007851 -0.082801 -7.324768 0.011516 0.998971 0.043877 191.541809 0.082371 -0.044679 0.995600 -0.850875 0.000000 0.000000 0.000000 1.000000
0.993607 -0.047170 -0.102572 -5.243067 0.053493 0.996777 0.059786 189.805344 0.099421 -0.064890 0.992927 -0.802580 0.000000 0.000000 0.000000 1.000000
0.989690 -0.080552 -0.118426 -3.460668 0.089756 0.993170 0.074550 188.284943 0.111612 -0.084411 0.990160 -0.865774 0.000000 0.000000 0.000000 1.000000
0.987092 -0.104236 -0.121590 -2.026187 0.114671 0.989995 0.082225 187.670197 0.111802 -0.095106 0.989169 -0.923997 0.000000 0.000000 0.000000 1.000000
0.986650 -0.119827 -0.110287 -0.913611 0.129204 0.988205 0.082202 188.072098 0.099137 -0.095355 0.990495 -0.916642 0.000000 0.000000 0.000000 1.000000
0.987474 -0.129513 -0.090115 -0.154361 0.136626 0.987561 0.077826 189.024780 0.078914 -0.089164 0.992886 -0.841570 0.000000 0.000000 0.000000 1.000000
0.988885 -0.132112 -0.068214 0.098894 0.137034 0.987845 0.073375 189.940231 0.057691 -0.081907 0.994969 -0.713664 0.000000 0.000000 0.000000 1.000000
0.990883 -0.125773 -0.048282 -0.258343 0.129007 0.989096 0.071031 190.524475 0.038821 -0.076612 0.996305 -0.540132 0.000000 0.000000 0.000000 1.000000</float_array><technique_common><accessor source="#mixamorig_Hips-Matrix-animation-output-transform-array" count="143" stride="16"><param type="float4x4"/></accessor></technique_common></source><source id="mixamorig_Hips-Interpolations"><Name_array id="mixamorig_Hips-Interpolations-array" count="143">
 LINEAR LINEAR LINEAR LINEAR LINEAR LINEAR LINEAR LINEAR LINEAR LINEAR LINEAR
LINEAR LINEAR LINEAR LINEAR LINEAR LINEAR LINEAR LINEAR LINEAR LINEAR LINEAR LINEAR
LINEAR LINEAR LINEAR LINEAR LINEAR LINEAR LINEAR LINEAR LINEAR LINEAR LINEAR LINEAR
LINEAR LINEAR LINEAR LINEAR LINEAR LINEAR LINEAR LINEAR LINEAR LINEAR LINEAR LINEAR
LINEAR LINEAR LINEAR LINEAR LINEAR LINEAR LINEAR LINEAR LINEAR LINEAR LINEAR LINEAR
LINEAR LINEAR LINEAR LINEAR LINEAR LINEAR LINEAR LINEAR LINEAR LINEAR LINEAR LINEAR
LINEAR LINEAR LINEAR LINEAR LINEAR LINEAR LINEAR LINEAR LINEAR LINEAR LINEAR LINEAR
LINEAR LINEAR LINEAR LINEAR LINEAR LINEAR LINEAR LINEAR LINEAR LINEAR LINEAR LINEAR
LINEAR LINEAR LINEAR LINEAR LINEAR LINEAR LINEAR LINEAR LINEAR LINEAR LINEAR LINEAR
LINEAR LINEAR LINEAR LINEAR LINEAR LINEAR LINEAR LINEAR LINEAR LINEAR LINEAR LINEAR
LINEAR LINEAR LINEAR LINEAR LINEAR LINEAR LINEAR LINEAR LINEAR LINEAR LINEAR LINEAR
LINEAR LINEAR LINEAR LINEAR LINEAR LINEAR LINEAR LINEAR LINEAR LINEAR LINEAR LINEAR</Name_array><technique_common><accessor source="#mixamorig_Hips-Interpolations-array" count="143"><param type="name"/></accessor></technique_common></source><sampler id="mixamorig_Hips-Matrix-animation-transform"><input semantic="INPUT" source="#mixamorig_Hips-Matrix-animation-input"/><input semantic="OUTPUT" source="#mixamorig_Hips-Matrix-animation-output-transform"/><input semantic="INTERPOLATION" source="#mixamorig_Hips-Interpolations"/></sampler><channel source="#mixamorig_Hips-Matrix-animation-transform" target="mixamorig_Hips/matrix"/></animation>
    <animation id="mixamorig_Spine-anim" name="mixamorig_Spine"><source id="mixamorig_Spine-Matrix-animation-input"><float_array id="mixamorig_Spine-Matrix-animation-input-array" count="143">

0.000000 0.033333 0.066667 0.100000 0.133333 0.166667 0.200000 0.233333 0.266667 0.300000 0.333333 0.366667 0.400000 0.433333 0.466667 0.500000
0.533333 0.566667 0.600000 0.633333 0.666667 0.700000 0.733333 0.766667 0.800000 0.833333 0.866667 0.900000 0.933333 0.966667 1.000000 1.033333
1.066667 1.100000 1.133333 1.166667 1.200000 1.233333 1.266667 1.300000 1.333333 1.366667 1.400000 1.433333 1.466667 1.500000 1.533333 1.566667
1.600000 1.633333 1.666667 1.700000 1.733333 1.766667 1.800000 1.833333 1.866667 1.900000 1.933333 1.966667 2.000000 2.033333 2.066667 2.100000
2.133333 2.166667 2.200000 2.233333 2.266667 2.300000 2.333333 2.366667 2.400000 2.433333 2.466667 2.500000 2.533333 2.566667 2.600000 2.633333
2.666667 2.700000 2.733333 2.766667 2.800000 2.833333 2.866667 2.900000 2.933333 2.966667 3.000000 3.033333 3.066667 3.100000 3.133333 3.166667
3.200000 3.233333 3.266667 3.300000 3.333333 3.366667 3.400000 3.433333 3.466667 3.500000 3.533333 3.566667 3.600000 3.633333 3.666667 3.700000
3.733333 3.766667 3.800000 3.833333 3.866667 3.900000 3.933333 3.966667 4.000000 4.033333 4.066667 4.100000 4.133333 4.166667 4.200000 4.233333
4.266667 4.300000 4.333333 4.366667 4.400000 4.433333 4.466667 4.500000 4.533333 4.566667 4.600000 4.633333 4.666667 4.700000 4.733333</float_array><technique_common><accessor source="#mixamorig_Spine-Matrix-animation-input-array" count="143"><param name="TIME" type="float"/></accessor></technique_common></source><source id="mixamorig_Spine-Matrix-animation-output-transform"><float_array id="mixamorig_Spine-Matrix-animation-output-transform-array" count="2288">

0.994677 -0.102312 0.012270 0.006200 0.103013 0.984354 -0.142954 19.525000 0.002547 0.143457 0.989653 -2.481800 0.000000 0.000000 0.000000 1.000000
0.994623 -0.103235 0.008216 0.006200 0.103390 0.985300 -0.135993 19.525000 0.005944 0.136112 0.990676 -2.481800 0.000000 0.000000 0.000000 1.000000
0.995081 -0.098812 0.007004 0.006200 0.098883 0.986598 -0.129791 19.525000 0.005915 0.129845 0.991517 -2.481800 0.000000 0.000000 0.000000 1.000000
0.995866 -0.090542 0.007217 0.006200 0.090738 0.988153 -0.123771 19.525000 0.004075 0.123914 0.992285 -2.481800 0.000000 0.000000 0.000000 1.000000
0.996511 -0.083285 0.005503 0.006200 0.083351 0.989495 -0.118120 19.525000 0.004392 0.118167 0.992984 -2.481800 0.000000 0.000000 0.000000 1.000000
0.996563 -0.082824 -0.001363 0.006200 0.082114 0.989923 -0.115364 19.525000 0.010904 0.114856 0.993322 -2.481800 0.000000 0.000000 0.000000 1.000000
0.995822 -0.090432 -0.012701 0.006200 0.088251 0.988758 -0.120705 19.525000 0.023474 0.119080 0.992607 -2.481800 0.000000 0.000000 0.000000 1.000000
0.994751 -0.099715 -0.022975 0.006200 0.095616 0.985748 -0.138411 19.525000 0.036449 0.135488 0.990108 -2.481800 0.000000 0.000000 0.000000 1.000000
0.994576 -0.100762 -0.025811 0.006200 0.095125 0.981501 -0.166155 19.525000 0.042075 0.162798 0.985762 -2.481800 0.000000 0.000000 0.000000 1.000000
0.995868 -0.088644 -0.019708 0.006200 0.083182 0.977548 -0.193597 19.525000 0.036426 0.191158 0.980883 -2.481800 0.000000 0.000000 0.000000 1.000000
0.997611 -0.068392 -0.009768 0.006200 0.064884 0.976079 -0.207510 19.525000 0.023726 0.206380 0.978184 -2.481800 0.000000 0.000000 0.000000 1.000000
0.998695 -0.050967 -0.003319 0.006200 0.049279 0.978607 -0.199749 19.525000 0.013428 0.199325 0.979842 -2.481800 0.000000 0.000000 0.000000 1.000000
0.999070 -0.042988 -0.003186 0.006200 0.041785 0.983963 -0.173407 19.525000 0.010590 0.173113 0.984845 -2.481800 0.000000 0.000000 0.000000 1.000000
0.999176 -0.040246 -0.005279 0.006200 0.039086 0.989048 -0.142323 19.525000 0.010949 0.141999 0.989806 -2.481800 0.000000 0.000000 0.000000 1.000000
0.999488 -0.031852 -0.003018 0.006200 0.031241 0.991948 -0.122731 19.525000 0.006903 0.122574 0.992435 -2.481800 0.000000 0.000000 0.000000 1.000000
0.999906 -0.012449 0.005715 0.006200 0.013060 0.992240 -0.123647 19.525000 -0.004131 0.123710 0.992310 -2.481800 0.000000 0.000000 0.000000 1.000000
0.999818 0.010632 0.015859 0.006200 -0.008269 0.989797 -0.142242 19.525000 -0.017210 0.142085 0.989705 -2.481800 0.000000 0.000000 0.000000 1.000000
0.999582 0.021520 0.019282 0.006200 -0.018036 0.986046 -0.165494 19.525000 -0.022575 0.165077 0.986022 -2.481800 0.000000 0.000000 0.000000 1.000000
0.999889 0.008942 0.011948 0.006200 -0.006670 0.983973 -0.178194 19.525000 -0.013350 0.178095 0.983923 -2.481800 0.000000 0.000000 0.000000 1.000000
0.999700 -0.024395 -0.002362 0.006200 0.023624 0.984763 -0.172290 19.525000 0.006529 0.172182 0.985043 -2.481800 0.000000 0.000000 0.000000 1.000000
0.997916 -0.062791 -0.014893 0.006200 0.059840 0.986764 -0.150720 19.525000 0.024160 0.149514 0.988464 -2.481800 0.000000 0.000000 0.000000 1.000000
0.995991 -0.087408 -0.019011 0.006200 0.084332 0.988405 -0.126272 19.525000 0.029828 0.124163 0.991813 -2.481800 0.000000 0.000000 0.000000 1.000000
0.996009 -0.087973 -0.015026 0.006200 0.085624 0.989416 -0.117154 19.525000 0.025174 0.115400 0.993000 -2.481800 0.000000 0.000000 0.000000 1.000000
0.997673 -0.067654 -0.008502 0.006200 0.065864 0.988440 -0.136559 19.525000 0.017642 0.135681 0.990596 -2.481800 0.000000 0.000000 0.000000 1.000000
0.999195 -0.039814 -0.004841 0.006200 0.038293 0.982914 -0.180038 19.525000 0.011926 0.179708 0.983648 -2.481800 0.000000 0.000000 0.000000 1.000000
0.999793 -0.019497 -0.005844 0.006200 0.017695 0.974478 -0.223783 19.525000 0.010058 0.223633 0.974621 -2.481800 0.000000 0.000000 0.000000 1.000000
0.999838 -0.014593 -0.010532 0.006200 0.011645 0.970804 -0.239592 19.525000 0.013721 0.239431 0.970816 -2.481800 0.000000 0.000000 0.000000 1.000000
0.999607 -0.021942 -0.017475 0.006200 0.017669 0.976392 -0.215284 19.525000 0.021787 0.214890 0.976395 -2.481800 0.000000 0.000000 0.000000 1.000000
0.999157 -0.032235 -0.025434 0.006200 0.027610 0.985921 -0.164917 19.525000 0.030392 0.164076 0.985979 -2.481800 0.000000 0.000000 0.000000 1.000000
0.998632 -0.040511 -0.033051 0.006200 0.036222 0.991944 -0.121388 19.525000 0.037703 0.120024 0.992055 -2.481800 0.000000 0.000000 0.000000 1.000000
0.997894 -0.051422 -0.039548 0.006200 0.046588 0.992307 -0.114699 19.525000 0.045142 0.112615 0.992613 -2.481800 0.000000 0.000000 0.000000 1.000000
0.996321 -0.072635 -0.045476 0.006200 0.064940 0.986183 -0.152399 19.525000 0.055917 0.148885 0.987272 -2.481800 0.000000 0.000000 0.000000 1.000000
0.993477 -0.101746 -0.051499 0.006200 0.088336 0.972228 -0.216722 19.525000 0.072119 0.210759 0.974874 -2.481800 0.000000 0.000000 0.000000 1.000000
0.990675 -0.124025 -0.056393 0.006200 0.103780 0.955118 -0.277451 19.525000 0.088273 0.269012 0.959083 -2.481800 0.000000 0.000000 0.000000 1.000000
0.990453 -0.125170 -0.057753 0.006200 0.101455 0.945526 -0.309335 19.525000 0.093326 0.300522 0.949198 -2.481800 0.000000 0.000000 0.000000 1.000000
0.992822 -0.106062 -0.055276 0.006200 0.084552 0.949292 -0.302813 19.525000 0.084590 0.295966 0.951446 -2.481800 0.000000 0.000000 0.000000 1.000000
0.995127 -0.083425 -0.052569 0.006200 0.066653 0.961974 -0.264884 19.525000 0.072668 0.260089 0.962846 -2.481800 0.000000 0.000000 0.000000 1.000000
0.995653 -0.075713 -0.054240 0.006200 0.062415 0.974660 -0.214805 19.525000 0.069129 0.210486 0.975150 -2.481800 0.000000 0.000000 0.000000 1.000000
0.994190 -0.088774 -0.060877 0.006200 0.076737 0.981121 -0.177517 19.525000 0.075487 0.171814 0.982233 -2.481800 0.000000 0.000000 0.000000 1.000000
0.991115 -0.114260 -0.068091 0.006200 0.101076 0.979750 -0.172837 19.525000 0.086460 0.164419 0.982594 -2.481800 0.000000 0.000000 0.000000 1.000000
0.987768 -0.139059 -0.070548 0.006200 0.122195 0.971363 -0.203771 19.525000 0.096864 0.192658 0.976474 -2.481800 0.000000 0.000000 0.000000 1.000000
0.985779 -0.154439 -0.066241 0.006200 0.133069 0.958127 -0.253546 19.525000 0.102624 0.241126 0.965053 -2.481800 0.000000 0.000000 0.000000 1.000000
0.985675 -0.158683 -0.057135 0.006200 0.135116 0.945714 -0.295582 19.525000 0.100937 0.283628 0.953607 -2.481800 0.000000 0.000000 0.000000 1.000000
0.986911 -0.154134 -0.047433 0.006200 0.132196 0.941677 -0.309465 19.525000 0.092365 0.299144 0.949727 -2.481800 0.000000 0.000000 0.000000 1.000000
0.988806 -0.143329 -0.041471 0.006200 0.125295 0.948539 -0.290816 19.525000 0.081019 0.282365 0.955880 -2.481800 0.000000 0.000000 0.000000 1.000000
0.991023 -0.127133 -0.041356 0.006200 0.112948 0.961695 -0.249772 19.525000 0.071526 0.242858 0.967421 -2.481800 0.000000 0.000000 0.000000 1.000000
0.993389 -0.105743 -0.044678 0.006200 0.094643 0.974690 -0.202541 19.525000 0.064965 0.196974 0.978254 -2.481800 0.000000 0.000000 0.000000 1.000000
0.995729 -0.080567 -0.045074 0.006200 0.072188 0.983839 -0.163857 19.525000 0.057548 0.159904 0.985454 -2.481800 0.000000 0.000000 0.000000 1.000000
0.997810 -0.054478 -0.037506 0.006200 0.048544 0.988363 -0.144162 19.525000 0.044923 0.142025 0.988843 -2.481800 0.000000 0.000000 0.000000 1.000000
0.999217 -0.031316 -0.024199 0.006200 0.027397 0.988599 -0.148056 19.525000 0.028560 0.147277 0.988683 -2.481800 0.000000 0.000000 0.000000 1.000000
0.999805 -0.013978 -0.013979 0.006200 0.011382 0.985195 -0.171061 19.525000 0.016164 0.170868 0.985161 -2.481800 0.000000 0.000000 0.000000 1.000000
0.999892 -0.004984 -0.013857 0.006200 0.002124 0.979951 -0.199229 19.525000 0.014572 0.199178 0.979855 -2.481800 0.000000 0.000000 0.000000 1.000000
0.999735 -0.006925 -0.021935 0.006200 0.002030 0.976445 -0.215758 19.525000 0.022913 0.215656 0.976200 -2.481800 0.000000 0.000000 0.000000 1.000000
0.999328 -0.021074 -0.029984 0.006200 0.014302 0.977512 -0.210393 19.525000 0.033744 0.209822 0.977157 -2.481800 0.000000 0.000000 0.000000 1.000000
0.998532 -0.043711 -0.032002 0.006200 0.037097 0.982209 -0.184088 19.525000 0.039480 0.182631 0.982389 -2.481800 0.000000 0.000000 0.000000 1.000000
0.997629 -0.063020 -0.027660 0.006200 0.058270 0.987303 -0.147777 19.525000 0.036621 0.145815 0.988634 -2.481800 0.000000 0.000000 0.000000 1.000000
0.997898 -0.062337 -0.017716 0.006200 0.059815 0.991168 -0.118353 19.525000 0.024937 0.117045 0.992814 -2.481800 0.000000 0.000000 0.000000 1.000000
0.999493 -0.031824 -0.000742 0.006200 0.031537 0.993095 -0.112994 19.525000 0.004333 0.112913 0.993595 -2.481800 0.000000 0.000000 0.000000 1.000000
0.999581 0.019133 0.021721 0.006200 -0.015878 0.989851 -0.141220 19.525000 -0.024203 0.140816 0.989740 -2.481800 0.000000 0.000000 0.000000 1.000000
0.997262 0.062883 0.038916 0.006200 -0.054141 0.979304 -0.195018 19.525000 -0.050374 0.192377 0.980027 -2.481800 0.000000 0.000000 0.000000 1.000000
0.996736 0.072390 0.035722 0.006200 -0.061283 0.966601 -0.248852 19.525000 -0.052544 0.245851 0.967882 -2.481800 0.000000 0.000000 0.000000 1.000000
0.999126 0.041430 0.005465 0.006200 -0.038265 0.959569 -0.278861 19.525000 -0.016798 0.278409 0.960316 -2.481800 0.000000 0.000000 0.000000 1.000000
0.998983 -0.013750 -0.042947 0.006200 0.001199 0.960146 -0.279495 19.525000 0.045079 0.279159 0.959186 -2.481800 0.000000 0.000000 0.000000 1.000000
0.993163 -0.072794 -0.091260 0.006200 0.046589 0.963972 -0.261893 19.525000 0.107037 0.255851 0.960772 -2.481800 0.000000 0.000000 0.000000 1.000000
0.983617 -0.129657 -0.125243 0.006200 0.095807 0.964507 -0.246063 19.525000 0.152701 0.230033 0.961128 -2.481800 0.000000 0.000000 0.000000 1.000000
0.972433 -0.186369 -0.140146 0.006200 0.147043 0.956554 -0.251758 19.525000 0.180977 0.224210 0.957589 -2.481800 0.000000 0.000000 0.000000 1.000000
0.962455 -0.233992 -0.137578 0.006200 0.187488 0.939581 -0.286420 19.525000 0.196286 0.249872 0.948175 -2.481800 0.000000 0.000000 0.000000 1.000000
0.959915 -0.252188 -0.122330 0.006200 0.198286 0.919452 -0.339545 19.525000 0.198106 0.301678 0.932601 -2.481800 0.000000 0.000000 0.000000 1.000000
0.968402 -0.227988 -0.101089 0.006200 0.172341 0.904750 -0.389521 19.525000 0.180266 0.359791 0.915453 -2.481800 0.000000 0.000000 0.000000 1.000000
0.982115 -0.170183 -0.080549 0.006200 0.122047 0.901181 -0.415905 19.525000 0.143369 0.398636 0.905834 -2.481800 0.000000 0.000000 0.000000 1.000000
0.992808 -0.101463 -0.063545 0.006200 0.066817 0.910030 -0.409121 19.525000 0.099338 0.401933 0.910265 -2.481800 0.000000 0.000000 0.000000 1.000000
0.998296 -0.036294 -0.045693 0.006200 0.016433 0.926206 -0.376660 19.525000 0.055992 0.375268 0.925224 -2.481800 0.000000 0.000000 0.000000 1.000000
0.999334 0.029807 -0.021070 0.006200 -0.035221 0.938976 -0.342174 19.525000 0.009585 0.342688 0.939400 -2.481800 0.000000 0.000000 0.000000 1.000000
0.994815 0.101379 0.008064 0.006200 -0.092923 0.938325 -0.333033 19.525000 -0.041330 0.330557 0.942881 -2.481800 0.000000 0.000000 0.000000 1.000000
0.986057 0.163694 0.029926 0.006200 -0.142091 0.921843 -0.360576 19.525000 -0.086612 0.351297 0.932250 -2.481800 0.000000 0.000000 0.000000 1.000000
0.981047 0.190486 0.035525 0.006200 -0.159334 0.897355 -0.411542 19.525000 -0.110271 0.398081 0.910698 -2.481800 0.000000 0.000000 0.000000 1.000000
0.984804 0.171239 0.028949 0.006200 -0.138679 0.875730 -0.462455 19.525000 -0.104542 0.451413 0.886170 -2.481800 0.000000 0.000000 0.000000 1.000000
0.992013 0.123763 0.024369 0.006200 -0.095442 0.862772 -0.496504 19.525000 -0.082474 0.490212 0.867693 -2.481800 0.000000 0.000000 0.000000 1.000000
0.996440 0.077392 0.033431 0.006200 -0.049770 0.860103 -0.507687 19.525000 -0.068046 0.504216 0.860893 -2.481800 0.000000 0.000000 0.000000 1.000000
0.997596 0.042883 0.054433 0.006200 -0.009930 0.865875 -0.500162 19.525000 -0.068581 0.498420 0.864219 -2.481800 0.000000 0.000000 0.000000 1.000000
0.997148 0.002241 0.075433 0.006200 0.034635 0.874484 -0.483816 19.525000 -0.067049 0.485049 0.871913 -2.481800 0.000000 0.000000 0.000000 1.000000
0.993940 -0.067839 0.086488 0.006200 0.100648 0.877978 -0.468001 19.525000 -0.044186 0.473870 0.879485 -2.481800 0.000000 0.000000 0.000000 1.000000
