<?xml version="1.0" encoding="utf-8"?>
<COLLADA xmlns="http://www.collada.org/2005/11/COLLADASchema" version="1.4.1">
  <asset><contributor><author>Mixamo</author><authoring_tool>COLLADA Mixamo exporter</authoring_tool><comments></comments></contributor><created>2018-09-27T04:38:56Z</created><modified>2018-09-27T04:38:56Z</modified><revision></revision><title></title><unit meter="0.010000"/><up_axis>Y_UP</up_axis></asset>
  <library_animations>
    <animation id="mixamorig_Hips-anim" name="mixamorig_Hips"><source id="mixamorig_Hips-Matrix-animation-input"><float_array id="mixamorig_Hips-Matrix-animation-input-array" count="463">

0.000000 0.033333 0.066667 0.100000 0.133333 0.166667 0.200000 0.233333 0.266667 0.300000 0.333333 0.366667 0.400000 0.433333 0.466667 0.500000
0.533333 0.566667 0.600000 0.633333 0.666667 0.700000 0.733333 0.766667 0.800000 0.833333 0.866667 0.900000 0.933333 0.966667 1.000000 1.033333
1.066667 1.100000 1.133333 1.166667 1.200000 1.233333 1.266667 1.300000 1.333333 1.366667 1.400000 1.433333 1.466667 1.500000 1.533333 1.566667
1.600000 1.633333 1.666667 1.700000 1.733333 1.766667 1.800000 1.833333 1.866667 1.900000 1.933333 1.966667 2.000000 2.033333 2.066667 2.100000
2.133333 2.166667 2.200000 2.233333 2.266667 2.300000 2.333333 2.366667 2.400000 2.433333 2.466667 2.500000 2.533333 2.566667 2.600000 2.633333
2.666667 2.700000 2.733333 2.766667 2.800000 2.833333 2.866667 2.900000 2.933333 2.966667 3.000000 3.033333 3.066667 3.100000 3.133333 3.166667
3.200000 3.233333 3.266667 3.300000 3.333333 3.366667 3.400000 3.433333 3.466667 3.500000 3.533333 3.566667 3.600000 3.633333 3.666667 3.700000
3.733333 3.766667 3.800000 3.833333 3.866667 3.900000 3.933333 3.966667 4.000000 4.033333 4.066667 4.100000 4.133333 4.166667 4.200000 4.233333
4.266667 4.300000 4.333333 4.366667 4.400000 4.433333 4.466667 4.500000 4.533333 4.566667 4.600000 4.633333 4.666667 4.700000 4.733333 4.766667
4.800000 4.833333 4.866667 4.900000 4.933333 4.966667 5.000000 5.033333 5.066667 5.100000 5.133333 5.166667 5.200000 5.233333 5.266667 5.300000
5.333333 5.366667 5.400000 5.433333 5.466667 5.500000 5.533333 5.566667 5.600000 5.633333 5.666667 5.700000 5.733333 5.766667 5.800000 5.833333
5.866667 5.900000 5.933333 5.966667 6.000000 6.033333 6.066667 6.100000 6.133333 6.166667 6.200000 6.233333 6.266667 6.300000 6.333333 6.366667
6.400000 6.433333 6.466667 6.500000 6.533333 6.566667 6.600000 6.633333 6.666667 6.700000 6.733333 6.766667 6.800000 6.833333 6.866667 6.900000
6.933333 6.966667 7.000000 7.033333 7.066667 7.100000 7.133333 7.166667 7.200000 7.233333 7.266667 7.300000 7.333333 7.366667 7.400000 7.433333
7.466667 7.500000 7.533333 7.566667 7.600000 7.633333 7.666667 7.700000 7.733333 7.766667 7.800000 7.833333 7.866667 7.900000 7.933333 7.966667
8.000000 8.033333 8.066667 8.100000 8.133333 8.166667 8.200000 8.233333 8.266667 8.300000 8.333333 8.366667 8.400000 8.433333 8.466667 8.500000
8.533333 8.566667 8.600000 8.633333 8.666667 8.700000 8.733333 8.766667 8.800000 8.833333 8.866667 8.900000 8.933333 8.966667 9.000000 9.033333
9.066667 9.100000 9.133333 9.166667 9.200000 9.233333 9.266667 9.300000 9.333333 9.366667 9.400000 9.433333 9.466667 9.500000 9.533333 9.566667
9.600000 9.633333 9.666667 9.700000 9.733333 9.766667 9.800000 9.833333 9.866667 9.900000 9.933333 9.966667 10.000000 10.033333 10.066667 10.100000
10.133333 10.166667 10.200000 10.233333 10.266667 10.300000 10.333333 10.366667 10.400000 10.433333 10.466667 10.500000 10.533333 10.566667 10.600000 10.633333
10.666667 10.700000 10.733333 10.766667 10.800000 10.833333 10.866667 10.900000 10.933333 10.966667 11.000000 11.033333 11.066667 11.100000 11.133333 11.166667
11.200000 11.233333 11.266667 11.300000 11.333333 11.366667 11.400000 11.433333 11.466667 11.500000 11.533333 11.566667 11.600000 11.633333 11.666667 11.700000
11.733333 11.766667 11.800000 11.833333 11.866667 11.900000 11.933333 11.966667 12.000000 12.033333 12.066667 12.100000 12.133333 12.166667 12.200000 12.233333
12.266667 12.300000 12.333333 12.366667 12.400000 12.433333 12.466667 12.500000 12.533333 12.566667 12.600000 12.633333 12.666667 12.700000 12.733333 12.766667
12.800000 12.833333 12.866667 12.900000 12.933333 12.966667 13.000000 13.033333 13.066667 13.100000 13.133333 13.166667 13.200000 13.233333 13.266667 13.300000
13.333333 13.366667 13.400000 13.433333 13.466667 13.500000 13.533333 13.566667 13.600000 13.633333 13.666667 13.700000 13.733333 13.766667 13.800000 13.833333
13.866667 13.900000 13.933333 13.966667 14.000000 14.033333 14.066667 14.100000 14.133333 14.166667 14.200000 14.233333 14.266667 14.300000 14.333333 14.366667
14.400000 14.433333 14.466667 14.500000 14.533333 14.566667 14.600000 14.633333 14.666667 14.700000 14.733333 14.766667 14.800000 14.833333 14.866667 14.900000
14.933333 14.966667 15.000000 15.033333 15.066667 15.100000 15.133333 15.166667 15.200000 15.233333 15.266667 15.300000 15.333333 15.366667 15.400000</float_array><technique_common><accessor source="#mixamorig_Hips-Matrix-animation-input-array" count="463"><param name="TIME" type="float"/></accessor></technique_common></source><source id="mixamorig_Hips-Matrix-animation-output-transform"><float_array id="mixamorig_Hips-Matrix-animation-output-transform-array" count="7408">

0.982922 0.054149 -0.175875 -0.411154 -0.054469 0.998511 0.003010 200.219620 0.175777 0.006621 0.984408 0.214569 0.000000 0.000000 0.000000 1.000000
0.974346 0.067920 -0.214561 0.138180 -0.060848 0.997369 0.039404 199.990479 0.216672 -0.025338 0.975915 0.608289 0.000000 0.000000 0.000000 1.000000
0.964527 0.071894 -0.254007 0.427405 -0.057285 0.996275 0.064460 199.558395 0.257695 -0.047623 0.965052 0.985658 0.000000 0.000000 0.000000 1.000000
0.960369 0.066093 -0.270783 0.384138 -0.046230 0.995795 0.079094 198.829987 0.274872 -0.063441 0.959386 1.361621 0.000000 0.000000 0.000000 1.000000
0.961221 0.054513 -0.270337 -0.051017 -0.031206 0.995473 0.089780 197.871521 0.274008 -0.077862 0.958570 1.674402 0.000000 0.000000 0.000000 1.000000
0.963658 0.042074 -0.263805 -0.850118 -0.015814 0.994772 0.100890 196.873596 0.266671 -0.093051 0.959285 1.828298 0.000000 0.000000 0.000000 1.000000
0.967369 0.029828 -0.251611 -1.881863 -0.001297 0.993616 0.112806 195.906357 0.253369 -0.108799 0.961232 1.758868 0.000000 0.000000 0.000000 1.000000
0.972379 0.018292 -0.232690 -2.884444 0.011101 0.992172 0.124382 195.049988 0.233144 -0.123529 0.964564 1.503160 0.000000 0.000000 0.000000 1.000000
0.976720 0.009999 -0.214284 -3.554100 0.019024 0.990940 0.132952 194.538284 0.213672 -0.133933 0.967681 1.234343 0.000000 0.000000 0.000000 1.000000
0.977820 0.005778 -0.209367 -3.670765 0.023122 0.990531 0.135329 194.717880 0.208166 -0.137168 0.968427 1.199502 0.000000 0.000000 0.000000 1.000000
0.974276 0.004551 -0.225313 -3.136813 0.025175 0.991340 0.128881 195.622849 0.223949 -0.131238 0.965724 1.522206 0.000000 0.000000 0.000000 1.000000
0.966326 0.005993 -0.257253 -2.001062 0.023562 0.993468 0.111651 196.829926 0.256241 -0.113953 0.959872 1.961265 0.000000 0.000000 0.000000 1.000000
0.956352 0.011461 -0.291991 -0.450059 0.013940 0.996303 0.084764 197.836441 0.291884 -0.085135 0.952657 1.927901 0.000000 0.000000 0.000000 1.000000
0.951930 0.022907 -0.305456 1.150504 -0.006896 0.998550 0.053393 198.387146 0.306237 -0.048720 0.950708 1.061071 0.000000 0.000000 0.000000 1.000000
0.964558 0.036569 -0.261323 2.252739 -0.032036 0.999254 0.021585 198.673157 0.261917 -0.012448 0.965010 -0.284913 0.000000 0.000000 0.000000 1.000000
0.986995 0.042645 -0.154989 2.419075 -0.044422 0.998981 -0.008018 198.957474 0.154489 0.014799 0.987884 -1.375417 0.000000 0.000000 0.000000 1.000000
0.998188 0.037596 -0.046975 1.726517 -0.038823 0.998921 -0.025488 199.302582 0.045967 0.027266 0.998571 -1.846165 0.000000 0.000000 0.000000 1.000000
0.999536 0.027453 0.013195 0.433417 -0.027152 0.999379 -0.022466 199.449768 -0.013803 0.022097 0.999661 -1.858734 0.000000 0.000000 0.000000 1.000000
0.998703 0.018668 0.047359 -1.415528 -0.018610 0.999825 -0.001666 199.232773 -0.047382 0.000782 0.998877 -1.627997 0.000000 0.000000 0.000000 1.000000
0.994341 0.011372 0.105629 -3.842162 -0.014230 0.999552 0.026337 198.664948 -0.105282 -0.027691 0.994057 -1.176903 0.000000 0.000000 0.000000 1.000000
0.975752 0.001231 0.218874 -6.676543 -0.012433 0.998681 0.049813 197.885941 -0.218524 -0.051326 0.974481 -0.455049 0.000000 0.000000 0.000000 1.000000
0.922982 -0.015178 0.384545 -9.615375 -0.010777 0.997811 0.065249 196.924118 -0.384693 -0.064368 0.920797 0.560801 0.000000 0.000000 0.000000 1.000000
0.824935 -0.039064 0.563876 -12.404158 -0.005891 0.996960 0.077686 195.619904 -0.565197 -0.067408 0.822197 1.858193 0.000000 0.000000 0.000000 1.000000
0.701118 -0.066169 0.709968 -14.798754 0.002449 0.995903 0.090399 193.711731 -0.713041 -0.061642 0.698407 3.338813 0.000000 0.000000 0.000000 1.000000
0.587079 -0.087056 0.804835 -16.509710 0.011969 0.995026 0.098898 191.350372 -0.809441 -0.048428 0.585201 4.812014 0.000000 0.000000 0.000000 1.000000
0.499498 -0.095787 0.861003 -17.399555 0.021102 0.994919 0.098443 189.134094 -0.866058 -0.031003 0.498982 6.109967 0.000000 0.000000 0.000000 1.000000
0.434704 -0.095681 0.895476 -17.585621 0.029654 0.995322 0.091954 187.654419 -0.900085 -0.013419 0.435508 7.151743 0.000000 0.000000 0.000000 1.000000
0.400354 -0.092396 0.911691 -17.383146 0.035696 0.995721 0.085237 187.333908 -0.915665 -0.001581 0.401939 7.823728 0.000000 0.000000 0.000000 1.000000
0.413101 -0.085893 0.906626 -17.207436 0.034025 0.996303 0.078886 188.052200 -0.910049 -0.001739 0.414496 8.012959 0.000000 0.000000 0.000000 1.000000
0.458417 -0.071523 0.885855 -17.412733 0.020214 0.997338 0.070064 189.228394 -0.888507 -0.014212 0.458642 7.732270 0.000000 0.000000 0.000000 1.000000
0.494507 -0.047429 0.867878 -17.968578 -0.003702 0.998386 0.056671 190.211319 -0.869166 -0.031237 0.493534 7.221909 0.000000 0.000000 0.000000 1.000000
0.496142 -0.019879 0.868014 -18.426811 -0.025793 0.998959 0.037620 190.882172 -0.867858 -0.041053 0.495113 6.736980 0.000000 0.000000 0.000000 1.000000
0.481275 0.000520 0.876570 -18.384436 -0.032640 0.999317 0.017328 191.408783 -0.875962 -0.036951 0.480963 6.257975 0.000000 0.000000 0.000000 1.000000
0.478288 0.008134 0.878165 -17.890757 -0.024947 0.999679 0.004328 191.885315 -0.877849 -0.023977 0.478337 5.570672 0.000000 0.000000 0.000000 1.000000
0.489241 0.005451 0.872132 -17.260519 -0.015025 0.999885 0.002179 192.010590 -0.872019 -0.014170 0.489266 4.594601 0.000000 0.000000 0.000000 1.000000
0.502014 -0.003971 0.864850 -16.674448 -0.009366 0.999906 0.010028 191.409470 -0.864809 -0.013134 0.501929 3.502938 0.000000 0.000000 0.000000 1.000000
0.511212 -0.020074 0.859220 -16.072582 -0.005079 0.999639 0.026377 190.018646 -0.859440 -0.017848 0.510925 2.592310 0.000000 0.000000 0.000000 1.000000
0.520114 -0.042270 0.853050 -15.426244 0.001552 0.998820 0.048547 188.410736 -0.854096 -0.023927 0.519566 2.038478 0.000000 0.000000 0.000000 1.000000
0.525992 -0.063891 0.848086 -14.833414 0.008102 0.997505 0.070122 187.317932 -0.850451 -0.030013 0.525198 1.842179 0.000000 0.000000 0.000000 1.000000
0.519600 -0.076534 0.850975 -14.392020 0.010240 0.996466 0.083366 186.990799 -0.854348 -0.034603 0.518548 1.941306 0.000000 0.000000 0.000000 1.000000
0.501663 -0.078520 0.861492 -14.086207 0.009194 0.996300 0.085453 187.188904 -0.865014 -0.034948 0.500529 2.270921 0.000000 0.000000 0.000000 1.000000
0.484697 -0.074472 0.871506 -13.890282 0.008861 0.996736 0.080245 187.620209 -0.874637 -0.031172 0.483774 2.730249 0.000000 0.000000 0.000000 1.000000
0.475985 -0.068951 0.876746 -13.937860 0.008902 0.997248 0.073595 188.105347 -0.879408 -0.027226 0.475289 3.182080 0.000000 0.000000 0.000000 1.000000
0.468764 -0.065284 0.880908 -14.442610 0.006923 0.997506 0.070241 188.253387 -0.883296 -0.026827 0.468047 3.503767 0.000000 0.000000 0.000000 1.000000
0.457288 -0.068336 0.886689 -15.432315 0.003399 0.997170 0.075098 187.465790 -0.889312 -0.031327 0.456227 3.599839 0.000000 0.000000 0.000000 1.000000
0.444545 -0.082437 0.891955 -16.696011 -0.000385 0.995738 0.092221 185.531525 -0.895757 -0.041339 0.442618 3.470681 0.000000 0.000000 0.000000 1.000000
0.433925 -0.107455 0.894518 -18.196598 -0.003071 0.992680 0.120737 183.277969 -0.900944 -0.055137 0.430419 3.238708 0.000000 0.000000 0.000000 1.000000
0.430007 -0.137801 0.892247 -20.379292 -0.001782 0.988151 0.153472 182.185211 -0.902824 -0.067584 0.424667 3.069195 0.000000 0.000000 0.000000 1.000000
0.434466 -0.162934 0.885828 -23.915993 0.005069 0.983928 0.178492 183.184631 -0.900674 -0.073058 0.428309 3.075048 0.000000 0.000000 0.000000 1.000000
0.435039 -0.169667 0.884282 -28.969692 0.010053 0.982940 0.183651 185.530746 -0.900355 -0.071005 0.429323 3.388706 0.000000 0.000000 0.000000 1.000000
0.419064 -0.153023 0.894969 -34.957272 0.003978 0.985996 0.166724 187.249100 -0.907948 -0.066308 0.413804 4.032839 0.000000 0.000000 0.000000 1.000000
0.390332 -0.128414 0.911675 -41.524551 -0.004262 0.989962 0.141266 187.307617 -0.920665 -0.059026 0.385866 4.807144 0.000000 0.000000 0.000000 1.000000
0.365513 -0.114867 0.923691 -48.055138 -0.008196 0.991921 0.126595 185.211166 -0.930770 -0.053843 0.361619 5.307092 0.000000 0.000000 0.000000 1.000000
0.355968 -0.117907 0.927030 -54.355038 -0.003727 0.991821 0.127578 182.427444 -0.934491 -0.048869 0.352617 5.528435 0.000000 0.000000 0.000000 1.000000
0.358546 -0.122112 0.925491 -59.876629 -0.002204 0.991294 0.131648 179.519043 -0.933509 -0.049241 0.355155 5.503343 0.000000 0.000000 0.000000 1.000000
0.359620 -0.117314 0.925695 -64.649117 -0.008366 0.991620 0.128919 176.711853 -0.933062 -0.054106 0.355625 5.423717 0.000000 0.000000 0.000000 1.000000
0.350037 -0.109299 0.930337 -68.806725 -0.018113 0.992194 0.123381 173.815094 -0.936561 -0.060039 0.345325 5.425342 0.000000 0.000000 0.000000 1.000000
0.331259 -0.106185 0.937546 -72.434937 -0.027353 0.992149 0.122033 170.920151 -0.943143 -0.066069 0.325754 5.533425 0.000000 0.000000 0.000000 1.000000
0.304353 -0.109034 0.946299 -75.538719 -0.035324 0.991452 0.125598 168.710785 -0.951904 -0.071653 0.297900 5.768267 0.000000 0.000000 0.000000 1.000000
0.268042 -0.117333 0.956236 -78.391113 -0.044363 0.990000 0.133912 167.324097 -0.962385 -0.078315 0.260156 6.058415 0.000000 0.000000 0.000000 1.000000
0.235754 -0.132943 0.962677 -81.669395 -0.053802 0.987294 0.149519 166.175659 -0.970322 -0.087044 0.225606 6.213581 0.000000 0.000000 0.000000 1.000000
0.236987 -0.152580 0.959456 -86.034874 -0.055863 0.983816 0.170252 164.925537 -0.969905 -0.093945 0.224628 6.043221 0.000000 0.000000 0.000000 1.000000
0.276477 -0.164333 0.946866 -91.553688 -0.045537 0.981924 0.183714 164.398621 -0.959941 -0.093910 0.263996 5.545832 0.000000 0.000000 0.000000 1.000000
0.324715 -0.156135 0.932835 -97.830498 -0.036160 0.983510 0.177204 165.934570 -0.945120 -0.091272 0.313715 4.758307 0.000000 0.000000 0.000000 1.000000
0.367512 -0.124166 0.921693 -104.436913 -0.044437 0.987571 0.150759 169.989441 -0.928957 -0.096363 0.357426 3.460576 0.000000 0.000000 0.000000 1.000000
0.421914 -0.074378 0.903580 -111.028687 -0.070125 0.990966 0.114315 175.595398 -0.903920 -0.111594 0.412887 1.388301 0.000000 0.000000 0.000000 1.000000
0.496073 -0.022949 0.867978 -117.011673 -0.098051 0.991776 0.082261 180.932159 -0.862727 -0.125914 0.489743 -1.162023 0.000000 0.000000 0.000000 1.000000
0.574928 0.013752 0.818088 -121.964378 -0.117157 0.990939 0.065676 184.832596 -0.809773 -0.133604 0.571330 -3.475187 0.000000 0.000000 0.000000 1.000000
0.639907 0.038252 0.767500 -126.262589 -0.135879 0.988655 0.064015 188.035019 -0.756344 -0.145250 0.637845 -5.451870 0.000000 0.000000 0.000000 1.000000
0.685791 0.058054 0.725479 -130.031097 -0.154328 0.985745 0.067004 190.163208 -0.711248 -0.157912 0.684975 -6.994057 0.000000 0.000000 0.000000 1.000000
0.727819 0.078552 0.681256 -133.529434 -0.170306 0.983000 0.068601 191.126358 -0.664286 -0.165951 0.728824 -8.159568 0.000000 0.000000 0.000000 1.000000
0.781559 0.099822 0.615793 -136.854370 -0.183269 0.980297 0.073694 191.529755 -0.596304 -0.170452 0.784454 -9.148752 0.000000 0.000000 0.000000 1.000000
0.843000 0.119637 0.524441 -139.894501 -0.192757 0.977393 0.086877 191.961990 -0.502191 -0.174327 0.847003 -10.011150 0.000000 0.000000 0.000000 1.000000
0.897185 0.136927 0.419894 -142.526337 -0.197028 0.974967 0.103052 192.609314 -0.395272 -0.175188 0.901704 -10.537525 0.000000 0.000000 0.000000 1.000000
0.935598 0.149785 0.319720 -144.883179 -0.194399 0.974468 0.112345 193.321411 -0.294729 -0.167263 0.940828 -10.329284 0.000000 0.000000 0.000000 1.000000
0.958369 0.157317 0.238288 -147.212280 -0.187138 0.976373 0.108051 194.326721 -0.215659 -0.148145 0.965165 -9.288892 0.000000 0.000000 0.000000 1.000000
0.972529 0.158479 0.170503 -149.685806 -0.176046 0.979950 0.093302 195.945404 -0.152298 -0.120755 0.980930 -7.899815 0.000000 0.000000 0.000000 1.000000
0.985043 0.149250 0.086110 -152.534180 -0.156278 0.984336 0.081614 197.687836 -0.072580 -0.093851 0.992937 -6.893315 0.000000 0.000000 0.000000 1.000000
0.990817 0.133252 -0.022916 -155.827835 -0.130988 0.988019 0.081619 198.813019 0.033518 -0.077867 0.996400 -6.742662 0.000000 0.000000 0.000000 1.000000
0.986720 0.121723 -0.107549 -159.504898 -0.112667 0.989849 0.086627 198.953506 0.117002 -0.073360 0.990419 -7.427166 0.000000 0.000000 0.000000 1.000000
0.984071 0.121872 -0.129431 -163.342911 -0.111344 0.990080 0.085703 198.775955 0.138592 -0.069926 0.987878 -8.337116 0.000000 0.000000 0.000000 1.000000
0.985680 0.127987 -0.109788 -167.027496 -0.120086 0.989864 0.075815 199.089722 0.118378 -0.061546 0.991059 -8.831839 0.000000 0.000000 0.000000 1.000000
0.987717 0.128851 -0.088389 -170.513565 -0.123157 0.990115 0.067121 199.856583 0.096164 -0.055411 0.993822 -8.730095 0.000000 0.000000 0.000000 1.000000
0.988078 0.125448 -0.089240 -174.052429 -0.119316 0.990312 0.071039 200.443787 0.097287 -0.059544 0.993474 -8.335373 0.000000 0.000000 0.000000 1.000000
0.985511 0.128630 -0.110558 -177.968719 -0.119738 0.989276 0.083646 200.445190 0.120132 -0.069196 0.990343 -8.061407 0.000000 0.000000 0.000000 1.000000
0.980623 0.141289 -0.135706 -182.247833 -0.129714 0.987395 0.090694 199.998962 0.146809 -0.071334 0.986589 -8.193689 0.000000 0.000000 0.000000 1.000000
0.976736 0.151192 -0.152076 -186.427994 -0.139553 0.986597 0.084561 199.259857 0.162823 -0.061371 0.984745 -8.825665 0.000000 0.000000 0.000000 1.000000
0.976427 0.150112 -0.155102 -189.923630 -0.140687 0.987568 0.070120 198.192596 0.163700 -0.046646 0.985407 -9.901360 0.000000 0.000000 0.000000 1.000000
0.977365 0.146848 -0.152295 -192.632996 -0.140072 0.988648 0.054367 196.712738 0.158550 -0.031804 0.986839 -11.422870 0.000000 0.000000 0.000000 1.000000
0.974992 0.151921 -0.162207 -194.997528 -0.148583 0.988363 0.032582 194.898911 0.165269 -0.007666 0.986219 -13.418375 0.000000 0.000000 0.000000 1.000000
0.967105 0.161784 -0.196299 -197.363770 -0.167041 0.985895 -0.010414 193.254730 0.191845 0.042862 0.980489 -15.672798 0.000000 0.000000 0.000000 1.000000
0.957597 0.164933 -0.236231 -199.728760 -0.189363 0.978255 -0.084609 192.128708 0.217140 0.125755 0.968006 -17.716459 0.000000 0.000000 0.000000 1.000000
0.952533 0.159072 -0.259569 -201.898560 -0.209109 0.961537 -0.178101 191.425949 0.221254 0.223926 0.949159 -19.185553 0.000000 0.000000 0.000000 1.000000
0.949333 0.150800 -0.275729 -203.698456 -0.224951 0.938736 -0.261098 190.981934 0.219463 0.309895 0.925095 -20.076017 0.000000 0.000000 0.000000 1.000000
0.943807 0.144463 -0.297251 -205.033310 -0.239719 0.918386 -0.314805 190.613632 0.227513 0.368372 0.901410 -20.519577 0.000000 0.000000 0.000000 1.000000
0.942042 0.139308 -0.305204 -205.865097 -0.245528 0.906221 -0.344208 190.232010 0.228631 0.399195 0.887903 -20.595285 0.000000 0.000000 0.000000 1.000000
0.948259 0.133431 -0.288097 -206.188461 -0.235544 0.904095 -0.356554 189.874573 0.212892 0.405965 0.888746 -20.401644 0.000000 0.000000 0.000000 1.000000
0.955526 0.125986 -0.266639 -206.003769 -0.217906 0.910858 -0.350507 189.678864 0.198712 0.393021 0.897802 -20.110657 0.000000 0.000000 0.000000 1.000000
0.957551 0.117363 -0.263291 -205.406097 -0.203517 0.922090 -0.329135 189.886444 0.204150 0.368748 0.906834 -19.797770 0.000000 0.000000 0.000000 1.000000
0.957024 0.108726 -0.268856 -204.536377 -0.190703 0.934373 -0.300965 190.759186 0.218489 0.339302 0.914952 -19.339815 0.000000 0.000000 0.000000 1.000000
0.960215 0.099207 -0.261046 -203.460068 -0.170156 0.949056 -0.265215 192.246048 0.221436 0.299082 0.928179 -18.684004 0.000000 0.000000 0.000000 1.000000
0.966644 0.087004 -0.240895 -202.314682 -0.140460 0.966565 -0.214529 193.960312 0.214176 0.241209 0.946545 -18.037943 0.000000 0.000000 0.000000 1.000000
0.971179 0.076417 -0.225769 -201.408569 -0.113717 0.981010 -0.157126 195.206604 0.209474 0.178271 0.961426 -17.644312 0.000000 0.000000 0.000000 1.000000
0.973458 0.072975 -0.216921 -201.162735 -0.099938 0.988204 -0.116041 195.535522 0.205894 0.134640 0.969268 -17.512112 0.000000 0.000000 0.000000 1.000000
0.975065 0.074627 -0.208993 -201.683167 -0.097246 0.990212 -0.100118 195.023590 0.199476 0.117945 0.972779 -17.622440 0.000000 0.000000 0.000000 1.000000
0.975739 0.074614 -0.205831 -202.703674 -0.096454 0.990483 -0.098186 194.086151 0.196546 0.115657 0.973649 -18.074694 0.000000 0.000000 0.000000 1.000000
0.975546 0.071439 -0.207863 -203.967438 -0.093618 0.990685 -0.098886 193.020523 0.198863 0.115928 0.973147 -18.914412 0.000000 0.000000 0.000000 1.000000
0.975077 0.069961 -0.210546 -205.387573 -0.092472 0.990778 -0.099033 191.890060 0.201675 0.116034 0.972555 -19.981506 0.000000 0.000000 0.000000 1.000000
0.975201 0.071726 -0.209374 -206.857254 -0.093762 0.990830 -0.097282 190.781952 0.200477 0.114501 0.972984 -20.998217 0.000000 0.000000 0.000000 1.000000
0.975401 0.071182 -0.208627 -208.103897 -0.091720 0.991666 -0.090473 189.966461 0.200448 0.107383 0.973801 -21.745443 0.000000 0.000000 0.000000 1.000000
0.973690 0.064292 -0.218620 -208.760040 -0.083087 0.993494 -0.077885 189.790848 0.212190 0.094000 0.972697 -22.098818 0.000000 0.000000 0.000000 1.000000
0.971939 0.053901 -0.228973 -208.640015 -0.071046 0.995200 -0.067302 190.428207 0.224247 0.081681 0.971103 -21.985159 0.000000 0.000000 0.000000 1.000000
0.973551 0.044613 -0.224070 -207.818619 -0.061254 0.995812 -0.067872 191.650253 0.220103 0.079802 0.972207 -21.547750 0.000000 0.000000 0.000000 1.000000
0.976492 0.034796 -0.212728 -206.514435 -0.052419 0.995592 -0.077769 192.881348 0.209084 0.087091 0.974012 -21.144690 0.000000 0.000000 0.000000 1.000000
0.978265 0.021852 -0.206202 -204.884674 -0.040317 0.995498 -0.085776 193.592438 0.203400 0.092225 0.974743 -21.099756 0.000000 0.000000 0.000000 1.000000
0.979634 0.009756 -0.200553 -203.131088 -0.027035 0.996133 -0.083600 193.622528 0.198962 0.087319 0.976109 -21.454319 0.000000 0.000000 0.000000 1.000000
0.980854 0.007950 -0.194584 -201.493668 -0.022265 0.997193 -0.071492 192.982925 0.193470 0.074456 0.978277 -22.019749 0.000000 0.000000 0.000000 1.000000
0.980722 0.021700 -0.194197 -200.063370 -0.032678 0.998032 -0.053510 191.741302 0.192654 0.058824 0.979502 -22.614740 0.000000 0.000000 0.000000 1.000000
0.977982 0.046693 -0.203396 -198.721725 -0.054271 0.998019 -0.031838 190.018951 0.201507 0.042175 0.978579 -23.138973 0.000000 0.000000 0.000000 1.000000
0.971701 0.075795 -0.223722 -197.154266 -0.079454 0.996811 -0.007384 187.819550 0.222449 0.024951 0.974625 -23.566095 0.000000 0.000000 0.000000 1.000000
0.962304 0.105719 -0.250587 -195.017929 -0.104903 0.994343 0.016650 184.958237 0.250930 0.010265 0.967951 -23.958561 0.000000 0.000000 0.000000 1.000000
0.951688 0.137446 -0.274588 -192.100891 -0.132894 0.990505 0.035206 181.108063 0.276820 0.002986 0.960917 -24.362310 0.000000 0.000000 0.000000 1.000000
0.940578 0.169447 -0.294280 -188.658157 -0.162650 0.985535 0.047610 176.532867 0.298090 0.003084 0.954533 -24.659716 0.000000 0.000000 0.000000 1.000000
0.927308 0.201959 -0.315138 -185.065979 -0.192642 0.979384 0.060788 171.905609 0.320918 0.004340 0.947097 -24.755701 0.000000 0.000000 0.000000 1.000000
0.912043 0.238225 -0.333806 -181.450180 -0.223753 0.971210 0.081767 167.730133 0.343674 0.000115 0.939089 -24.781502 0.000000 0.000000 0.000000 1.000000
0.897908 0.276816 -0.342247 -178.039673 -0.254053 0.960843 0.110623 164.343887 0.359468 -0.012381 0.933075 -24.846958 0.000000 0.000000 0.000000 1.000000
0.885876 0.311667 -0.343638 -175.265381 -0.278697 0.949692 0.142875 161.727600 0.370880 -0.030798 0.928170 -24.802061 0.000000 0.000000 0.000000 1.000000
0.874953 0.339282 -0.345464 -173.551651 -0.296280 0.939441 0.172244 159.683945 0.382982 -0.048351 0.922489 -24.477879 0.000000 0.000000 0.000000 1.000000
0.866093 0.361177 -0.345592 -172.942307 -0.310834 0.930552 0.193531 158.245590 0.391491 -0.060194 0.918211 -23.864506 0.000000 0.000000 0.000000 1.000000
0.859854 0.380888 -0.339964 -173.031769 -0.325518 0.921996 0.209668 157.334854 0.393305 -0.069620 0.916768 -23.084570 0.000000 0.000000 0.000000 1.000000
0.855473 0.398510 -0.330689 -173.296432 -0.337503 0.913390 0.227619 156.693466 0.392756 -0.083113 0.915879 -22.287899 0.000000 0.000000 0.000000 1.000000
0.854791 0.408832 -0.319670 -173.338364 -0.342448 0.907167 0.244494 156.244339 0.389951 -0.099521 0.915442 -21.649561 0.000000 0.000000 0.000000 1.000000
0.858821 0.407754 -0.310101 -172.984573 -0.339678 0.906403 0.251103 156.165436 0.383465 -0.110318 0.916943 -21.263315 0.000000 0.000000 0.000000 1.000000
0.860774 0.400333 -0.314327 -172.289322 -0.332154 0.909744 0.249076 156.625519 0.385671 -0.109993 0.916056 -21.010666 0.000000 0.000000 0.000000 1.000000
0.852806 0.396050 -0.340391 -171.455780 -0.324357 0.912541 0.249121 157.647995 0.409286 -0.102044 0.906682 -20.673975 0.000000 0.000000 0.000000 1.000000
0.839424 0.396473 -0.371722 -170.680862 -0.318450 0.913070 0.254741 158.977737 0.440406 -0.095461 0.892709 -20.220057 0.000000 0.000000 0.000000 1.000000
0.834310 0.395398 -0.384170 -170.011963 -0.312847 0.913347 0.260623 160.090820 0.453930 -0.097254 0.885714 -19.840075 0.000000 0.000000 0.000000 1.000000
0.840669 0.389719 -0.376025 -169.415100 -0.305685 0.914645 0.264540 160.645645 0.447026 -0.107446 0.888045 -19.664423 0.000000 0.000000 0.000000 1.000000
0.849483 0.382626 -0.363284 -168.871185 -0.297672 0.916054 0.268767 160.677856 0.435625 -0.120174 0.892070 -19.584801 0.000000 0.000000 0.000000 1.000000
0.855754 0.377035 -0.354302 -168.407166 -0.290923 0.916940 0.273101 160.324966 0.427842 -0.130632 0.894364 -19.423702 0.000000 0.000000 0.000000 1.000000
0.862582 0.372340 -0.342513 -168.100220 -0.286639 0.917548 0.275579 159.675491 0.416881 -0.139532 0.898188 -19.156900 0.000000 0.000000 0.000000 1.000000
0.872949 0.366957 -0.321407 -168.000275 -0.283825 0.917945 0.277164 158.910873 0.396742 -0.150726 0.905471 -18.895380 0.000000 0.000000 0.000000 1.000000
0.885301 0.359740 -0.294668 -168.103760 -0.279391 0.918030 0.281357 158.415710 0.371730 -0.166758 0.913241 -18.714125 0.000000 0.000000 0.000000 1.000000
0.896987 0.350412 -0.269492 -168.419037 -0.272159 0.918149 0.287978 158.514236 0.348345 -0.184968 0.918936 -18.581299 0.000000 0.000000 0.000000 1.000000
0.907091 0.339137 -0.249343 -169.015518 -0.263708 0.919550 0.291352 159.135712 0.328092 -0.198529 0.923549 -18.381479 0.000000 0.000000 0.000000 1.000000
0.917353 0.324426 -0.230674 -169.985992 -0.254118 0.923306 0.287976 159.962540 0.306410 -0.205558 0.929440 -18.015806 0.000000 0.000000 0.000000 1.000000
0.930741 0.303019 -0.204695 -171.378769 -0.239918 0.928462 0.283543 160.704514 0.275970 -0.214795 0.936858 -17.623072 0.000000 0.000000 0.000000 1.000000
0.947437 0.272944 -0.166929 -173.174469 -0.218313 0.932925 0.286339 161.143829 0.233887 -0.234846 0.943475 -17.586008 0.000000 0.000000 0.000000 1.000000
0.962993 0.236874 -0.128590 -175.185791 -0.190920 0.936261 0.294897 161.197495 0.190247 -0.259433 0.946837 -18.105251 0.000000 0.000000 0.000000 1.000000
0.974189 0.199340 -0.105919 -177.289581 -0.160087 0.940917 0.298408 160.819183 0.159146 -0.273750 0.948543 -18.833431 0.000000 0.000000 0.000000 1.000000
0.981804 0.162854 -0.097669 -179.419403 -0.128423 0.948297 0.290240 160.160263 0.139886 -0.272416 0.951957 -19.252275 0.000000 0.000000 0.000000 1.000000
0.986936 0.126606 -0.099644 -181.527420 -0.095141 0.957090 0.273727 159.505432 0.130023 -0.260671 0.956632 -19.291836 0.000000 0.000000 0.000000 1.000000
0.989881 0.088846 -0.110646 -183.694321 -0.058653 0.966185 0.251090 158.901077 0.129213 -0.242059 0.961619 -19.339014 0.000000 0.000000 0.000000 1.000000
0.990195 0.050036 -0.130425 -186.155365 -0.019946 0.974725 0.222515 158.257446 0.138263 -0.217731 0.966166 -19.756786 0.000000 0.000000 0.000000 1.000000
0.987390 0.011743 -0.157869 -189.125229 0.019447 0.980694 0.194579 157.501526 0.157106 -0.195195 0.968099 -20.668123 0.000000 0.000000 0.000000 1.000000
0.982310 -0.025112 -0.185570 -192.508972 0.058443 0.982581 0.176403 156.566681 0.177908 -0.184128 0.966667 -22.004107 0.000000 0.000000 0.000000 1.000000
0.977664 -0.059701 -0.201516 -196.037369 0.094267 0.981516 0.166556 155.394424 0.187847 -0.181832 0.965220 -23.507942 0.000000 0.000000 0.000000 1.000000
0.973413 -0.090279 -0.210515 -199.589737 0.123841 0.980573 0.152120 154.096359 0.192692 -0.174146 0.965683 -24.845432 0.000000 0.000000 0.000000 1.000000
0.966385 -0.115123 -0.229884 -203.152725 0.146532 0.981333 0.124554 152.865097 0.211254 -0.154052 0.965215 -25.838438 0.000000 0.000000 0.000000 1.000000
0.957660 -0.133466 -0.255097 -206.544998 0.161533 0.982537 0.092349 151.704971 0.238317 -0.129645 0.962495 -26.530994 0.000000 0.000000 0.000000 1.000000
0.952582 -0.146603 -0.266636 -209.492401 0.170650 0.982896 0.069243 150.470047 0.251924 -0.111461 0.961307 -27.089705 0.000000 0.000000 0.000000 1.000000
0.952398 -0.157586 -0.260970 -211.873840 0.178273 0.982303 0.057436 149.167084 0.247301 -0.101226 0.963637 -27.658726 0.000000 0.000000 0.000000 1.000000
0.953188 -0.168489 -0.251085 -213.728439 0.186849 0.981064 0.050996 147.978516 0.237738 -0.095523 0.966621 -28.192596 0.000000 0.000000 0.000000 1.000000
0.954697 -0.180522 -0.236571 -215.176346 0.197181 0.979164 0.048556 147.045853 0.222876 -0.093003 0.970400 -28.466627 0.000000 0.000000 0.000000 1.000000
0.959942 -0.196632 -0.199618 -216.267426 0.211231 0.975917 0.054468 146.403091 0.184101 -0.094452 0.978359 -28.380707 0.000000 0.000000 0.000000 1.000000
0.963721 -0.220985 -0.149688 -216.971115 0.233086 0.970034 0.068587 146.128204 0.130046 -0.100989 0.986351 -28.169895 0.000000 0.000000 0.000000 1.000000
0.959290 -0.252567 -0.126382 -217.337723 0.264295 0.960556 0.086490 146.385315 0.099552 -0.116371 0.988204 -28.198238 0.000000 0.000000 0.000000 1.000000
0.949088 -0.280725 -0.142920 -217.646088 0.296935 0.948731 0.108345 147.288788 0.105178 -0.145267 0.983786 -28.593662 0.000000 0.000000 0.000000 1.000000
0.939649 -0.290543 -0.180676 -218.080780 0.315866 0.939610 0.131761 148.696991 0.131483 -0.180879 0.974677 -29.175953 0.000000 0.000000 0.000000 1.000000
0.938003 -0.277521 -0.207682 -218.476410 0.310460 0.939105 0.147299 150.182632 0.154157 -0.202644 0.967042 -29.679619 0.000000 0.000000 0.000000 1.000000
0.944675 -0.254528 -0.206892 -218.587677 0.287398 0.946293 0.148093 151.260056 0.158087 -0.199360 0.967091 -29.951296 0.000000 0.000000 0.000000 1.000000
0.951756 -0.238525 -0.193047 -218.446228 0.267531 0.953132 0.141304 151.729675 0.150295 -0.186133 0.970961 -29.994394 0.000000 0.000000 0.000000 1.000000
0.955764 -0.233476 -0.178896 -218.253220 0.260016 0.954985 0.142812 151.700195 0.137500 -0.183011 0.973448 -29.897848 0.000000 0.000000 0.000000 1.000000
0.957057 -0.232740 -0.172842 -218.094162 0.259353 0.953782 0.151776 151.323669 0.129529 -0.190085 0.973185 -29.761927 0.000000 0.000000 0.000000 1.000000
0.956290 -0.232178 -0.177773 -217.926849 0.260694 0.952305 0.158601 150.734451 0.132470 -0.198013 0.971207 -29.678917 0.000000 0.000000 0.000000 1.000000
0.956645 -0.232257 -0.175750 -217.715134 0.261337 0.950884 0.165902 150.052948 0.128586 -0.204639 0.970355 -29.635414 0.000000 0.000000 0.000000 1.000000
0.960010 -0.231742 -0.157090 -217.446075 0.258201 0.949778 0.176788 149.334229 0.108232 -0.210279 0.971632 -29.456770 0.000000 0.000000 0.000000 1.000000
0.963049 -0.228394 -0.142735 -217.102783 0.252434 0.950195 0.182774 148.624908 0.093881 -0.212052 0.972739 -29.018162 0.000000 0.000000 0.000000 1.000000
0.964153 -0.224751 -0.141056 -216.726135 0.248399 0.951420 0.181928 148.002579 0.093315 -0.210445 0.973142 -28.451448 0.000000 0.000000 0.000000 1.000000
0.964012 -0.225519 -0.140793 -216.434494 0.249123 0.951186 0.182162 147.540665 0.092839 -0.210682 0.973136 -27.997269 0.000000 0.000000 0.000000 1.000000
0.963139 -0.229106 -0.140976 -216.273056 0.252904 0.949772 0.184315 147.248688 0.091667 -0.213174 0.972704 -27.775425 0.000000 0.000000 0.000000 1.000000
0.963320 -0.227555 -0.142246 -216.078018 0.251401 0.950669 0.181732 147.175812 0.093875 -0.210827 0.973005 -27.810150 0.000000 0.000000 0.000000 1.000000
0.965633 -0.216544 -0.143739 -215.650162 0.239587 0.955997 0.169318 147.451736 0.100749 -0.197937 0.975023 -28.154720 0.000000 0.000000 0.000000 1.000000
0.966792 -0.201326 -0.157420 -215.028976 0.224348 0.963588 0.145488 148.182724 0.122397 -0.175974 0.976756 -28.828590 0.000000 0.000000 0.000000 1.000000
0.965764 -0.188276 -0.178474 -214.444641 0.211082 0.970236 0.118689 149.422134 0.150816 -0.152298 0.976760 -29.704983 0.000000 0.000000 0.000000 1.000000
0.967239 -0.173753 -0.185092 -214.078293 0.194930 0.975393 0.103010 151.154449 0.162639 -0.135715 0.977307 -30.588665 0.000000 0.000000 0.000000 1.000000
0.972179 -0.148384 -0.181248 -213.888702 0.168164 0.980769 0.099061 153.374466 0.163063 -0.126784 0.978436 -31.422430 0.000000 0.000000 0.000000 1.000000
0.976223 -0.110553 -0.186458 -213.670822 0.129251 0.987403 0.091271 156.024780 0.174019 -0.113200 0.978214 -32.354324 0.000000 0.000000 0.000000 1.000000
0.976686 -0.066507 -0.204111 -213.235870 0.082270 0.994168 0.069732 158.692200 0.198283 -0.084898 0.976461 -33.553295 0.000000 0.000000 0.000000 1.000000
0.972334 -0.017545 -0.232936 -212.355164 0.028683 0.998597 0.044517 160.877365 0.231829 -0.049966 0.971473 -34.922935 0.000000 0.000000 0.000000 1.000000
0.961899 0.037861 -0.270772 -210.983826 -0.029672 0.998972 0.034276 162.426025 0.271792 -0.024935 0.962033 -36.036194 0.000000 0.000000 0.000000 1.000000
0.946311 0.096121 -0.308636 -209.539536 -0.086950 0.995268 0.043369 164.039902 0.311344 -0.014204 0.950191 -36.510189 0.000000 0.000000 0.000000 1.000000
0.924518 0.159289 -0.346257 -207.975235 -0.146916 0.987212 0.061878 165.350418 0.351686 -0.006337 0.936097 -36.203171 0.000000 0.000000 0.000000 1.000000
0.895454 0.224037 -0.384668 -206.516312 -0.208077 0.974565 0.083229 165.977524 0.393530 0.005513 0.919295 -35.502960 0.000000 0.000000 0.000000 1.000000
0.865819 0.280963 -0.414026 -205.493561 -0.260435 0.959592 0.106566 166.047791 0.427237 0.015560 0.904006 -34.829956 0.000000 0.000000 0.000000 1.000000
0.844227 0.323475 -0.427369 -204.897095 -0.296054 0.946107 0.131281 165.976532 0.446802 0.015693 0.894495 -34.174320 0.000000 0.000000 0.000000 1.000000
0.832306 0.352697 -0.427636 -204.400650 -0.315463 0.935731 0.157768 166.002930 0.455796 0.003592 0.890077 -33.315254 0.000000 0.000000 0.000000 1.000000
0.831339 0.371076 -0.413738 -203.855713 -0.323334 0.928421 0.183000 166.227921 0.452030 -0.018359 0.891814 -32.215008 0.000000 0.000000 0.000000 1.000000
0.844115 0.376549 -0.381682 -203.343536 -0.322697 0.925304 0.199196 166.824799 0.428179 -0.044977 0.902574 -30.951385 0.000000 0.000000 0.000000 1.000000
0.867055 0.367474 -0.336420 -202.654129 -0.314134 0.927349 0.203331 167.798431 0.386698 -0.070618 0.919499 -29.501886 0.000000 0.000000 0.000000 1.000000
0.890935 0.346937 -0.293035 -201.327362 -0.296684 0.933191 0.202815 169.209503 0.343821 -0.093756 0.934343 -27.798605 0.000000 0.000000 0.000000 1.000000
0.908634 0.319721 -0.268630 -199.045685 -0.269798 0.940461 0.206743 171.356598 0.318736 -0.115378 0.940795 -25.899073 0.000000 0.000000 0.000000 1.000000
0.919861 0.289212 -0.264974 -195.823624 -0.236810 0.948003 0.212630 174.318512 0.312692 -0.132841 0.940520 -23.944525 0.000000 0.000000 0.000000 1.000000
0.928563 0.257897 -0.266947 -192.046234 -0.204843 0.955810 0.210871 177.909241 0.309534 -0.141125 0.940358 -22.033888 0.000000 0.000000 0.000000 1.000000
0.937171 0.230071 -0.262254 -188.103790 -0.180546 0.963079 0.199705 181.647507 0.298517 -0.139809 0.944108 -20.248955 0.000000 0.000000 0.000000 1.000000
0.945502 0.205243 -0.252788 -184.369080 -0.160484 0.969225 0.186673 185.027191 0.283322 -0.135932 0.949343 -18.662086 0.000000 0.000000 0.000000 1.000000
0.951950 0.178811 -0.248633 -180.959106 -0.136393 0.974427 0.178574 187.758209 0.274206 -0.136082 0.951994 -17.190666 0.000000 0.000000 0.000000 1.000000
0.955244 0.148917 -0.255603 -177.909744 -0.105990 0.978979 0.174258 189.777237 0.276180 -0.139368 0.950948 -15.686041 0.000000 0.000000 0.000000 1.000000
0.956058 0.119266 -0.267824 -175.384262 -0.076115 0.983166 0.166108 191.293671 0.283126 -0.138424 0.949041 -14.212319 0.000000 0.000000 0.000000 1.000000
0.956711 0.097854 -0.274095 -173.285751 -0.058440 0.987191 0.148456 192.678192 0.285111 -0.126012 0.950175 -13.059710 0.000000 0.000000 0.000000 1.000000
0.957161 0.082487 -0.277558 -171.587326 -0.049596 0.991103 0.123511 193.877457 0.285277 -0.104454 0.952736 -12.364371 0.000000 0.000000 0.000000 1.000000
0.955530 0.066178 -0.287373 -170.238632 -0.039434 0.994417 0.097881 194.767807 0.292246 -0.082196 0.952804 -12.011779 0.000000 0.000000 0.000000 1.000000
0.951498 0.048980 -0.303732 -169.178146 -0.027093 0.996750 0.075862 195.310898 0.306460 -0.063954 0.949733 -11.948016 0.000000 0.000000 0.000000 1.000000
0.948366 0.037362 -0.314969 -168.400040 -0.020058 0.998115 0.058004 195.484802 0.316542 -0.048691 0.947328 -12.279067 0.000000 0.000000 0.000000 1.000000
0.955089 0.032594 -0.294520 -168.006470 -0.020781 0.998852 0.043151 195.399094 0.295589 -0.035092 0.954671 -12.966385 0.000000 0.000000 0.000000 1.000000
0.972177 0.029421 -0.232391 -168.016846 -0.023471 0.999323 0.028327 195.309387 0.233067 -0.022084 0.972210 -13.671638 0.000000 0.000000 0.000000 1.000000
0.987915 0.027226 -0.152587 -168.184082 -0.026038 0.999613 0.009780 195.380478 0.152794 -0.005689 0.988242 -14.087168 0.000000 0.000000 0.000000 1.000000
0.996604 0.031812 -0.075951 -168.283875 -0.032971 0.999357 -0.014062 195.567307 0.075455 0.016518 0.997012 -14.188337 0.000000 0.000000 0.000000 1.000000
0.998982 0.044986 0.003449 -168.350739 -0.044813 0.998193 -0.040042 195.722229 -0.005244 0.039847 0.999192 -14.100463 0.000000 0.000000 0.000000 1.000000
0.992871 0.062022 0.101788 -168.575775 -0.055655 0.996381 -0.064246 195.733810 -0.105404 0.058123 0.992729 -13.976719 0.000000 0.000000 0.000000 1.000000
0.973952 0.078957 0.212562 -169.042557 -0.061837 0.994372 -0.086032 195.626129 -0.218158 0.070647 0.973353 -13.946599 0.000000 0.000000 0.000000 1.000000
0.942583 0.093145 0.320721 -169.677505 -0.062888 0.992643 -0.103463 195.523209 -0.327998 0.077353 0.941506 -13.963015 0.000000 0.000000 0.000000 1.000000
0.891577 0.096310 0.442509 -170.313538 -0.053152 0.992625 -0.108948 195.379028 -0.449739 0.073615 0.890121 -13.704050 0.000000 0.000000 0.000000 1.000000
0.811923 0.078902 0.578408 -170.680527 -0.031603 0.995312 -0.091411 195.145416 -0.582909 0.055939 0.810610 -12.839550 0.000000 0.000000 0.000000 1.000000
0.719256 0.040845 0.693543 -170.626007 -0.008906 0.998730 -0.049582 194.763489 -0.694688 0.029485 0.718707 -11.402326 0.000000 0.000000 0.000000 1.000000
0.641314 -0.004318 0.767267 -170.336975 0.007316 0.999973 -0.000487 194.355560 -0.767244 0.005925 0.641328 -9.805761 0.000000 0.000000 0.000000 1.000000
