<?xml version="1.0" encoding="utf-8"?>
<COLLADA xmlns="http://www.collada.org/2005/11/COLLADASchema" version="1.4.1">
  <asset><contributor><author>Mixamo</author><authoring_tool>COLLADA Mixamo exporter</authoring_tool><comments></comments></contributor><created>2018-09-27T04:40:28Z</created><modified>2018-09-27T04:40:28Z</modified><revision></revision><title></title><unit meter="0.010000"/><up_axis>Y_UP</up_axis></asset>
  <library_animations>
    <animation id="mixamorig_Hips-anim" name="mixamorig_Hips"><source id="mixamorig_Hips-Matrix-animation-input"><float_array id="mixamorig_Hips-Matrix-animation-input-array" count="136">

0.000000 0.033333 0.066667 0.100000 0.133333 0.166667 0.200000 0.233333 0.266667 0.300000 0.333333 0.366667 0.400000 0.433333 0.466667 0.500000
0.533333 0.566667 0.600000 0.633333 0.666667 0.700000 0.733333 0.766667 0.800000 0.833333 0.866667 0.900000 0.933333 0.966667 1.000000 1.033333
1.066667 1.100000 1.133333 1.166667 1.200000 1.233333 1.266667 1.300000 1.333333 1.366667 1.400000 1.433333 1.466667 1.500000 1.533333 1.566667
1.600000 1.633333 1.666667 1.700000 1.733333 1.766667 1.800000 1.833333 1.866667 1.900000 1.933333 1.966667 2.000000 2.033333 2.066667 2.100000
2.133333 2.166667 2.200000 2.233333 2.266667 2.300000 2.333333 2.366667 2.400000 2.433333 2.466667 2.500000 2.533333 2.566667 2.600000 2.633333
2.666667 2.700000 2.733333 2.766667 2.800000 2.833333 2.866667 2.900000 2.933333 2.966667 3.000000 3.033333 3.066667 3.100000 3.133333 3.166667
3.200000 3.233333 3.266667 3.300000 3.333333 3.366667 3.400000 3.433333 3.466667 3.500000 3.533333 3.566667 3.600000 3.633333 3.666667 3.700000
3.733333 3.766667 3.800000 3.833333 3.866667 3.900000 3.933333 3.966667 4.000000 4.033333 4.066667 4.100000 4.133333 4.166667 4.200000 4.233333
4.266667 4.300000 4.333333 4.366667 4.400000 4.433333 4.466667 4.500000</float_array><technique_common><accessor source="#mixamorig_Hips-Matrix-animation-input-array" count="136"><param name="TIME" type="float"/></accessor></technique_common></source><source id="mixamorig_Hips-Matrix-animation-output-transform"><float_array id="mixamorig_Hips-Matrix-animation-output-transform-array" count="2176">

0.996678 0.071417 -0.039148 0.518701 -0.067656 0.993624 0.090190 165.140762 0.045339 -0.087242 0.995155 -0.630718 0.000000 0.000000 0.000000 1.000000
0.996718 0.069493 -0.041520 0.826090 -0.064949 0.992637 0.102242 163.072830 0.048319 -0.099210 0.993893 -1.052122 0.000000 0.000000 0.000000 1.000000
0.997173 0.060898 -0.044023 0.971475 -0.055619 0.992088 0.112551 163.632507 0.050529 -0.109784 0.992670 -1.473553 0.000000 0.000000 0.000000 1.000000
0.997765 0.047414 -0.047080 0.974088 -0.041447 0.991847 0.120504 166.565521 0.052410 -0.118284 0.991596 -1.882740 0.000000 0.000000 0.000000 1.000000
0.998193 0.030277 -0.051912 0.847750 -0.023785 0.992318 0.121405 171.031540 0.055189 -0.119951 0.991245 -2.213310 0.000000 0.000000 0.000000 1.000000
0.998349 0.011917 -0.056194 0.529547 -0.005380 0.993342 0.115078 176.049347 0.057191 -0.114586 0.991766 -2.460531 0.000000 0.000000 0.000000 1.000000
0.998313 -0.003922 -0.057937 0.257680 0.009812 0.994764 0.101730 180.814270 0.057235 -0.102127 0.993123 -2.621445 0.000000 0.000000 0.000000 1.000000
0.998253 -0.015224 -0.057081 0.040138 0.020034 0.996209 0.084660 184.768967 0.055576 -0.085655 0.994774 -2.735616 0.000000 0.000000 0.000000 1.000000
0.998253 -0.022170 -0.054765 -0.141317 0.025901 0.997323 0.068386 187.571609 0.053102 -0.069685 0.996155 -2.861647 0.000000 0.000000 0.000000 1.000000
0.998283 -0.026289 -0.052341 -0.324657 0.029236 0.997983 0.056347 189.090576 0.050754 -0.057780 0.997038 -3.038619 0.000000 0.000000 0.000000 1.000000
0.998270 -0.029469 -0.050878 -0.523524 0.032042 0.998209 0.050515 189.194168 0.049298 -0.052058 0.997427 -3.451414 0.000000 0.000000 0.000000 1.000000
0.998185 -0.033535 -0.050021 -0.737313 0.036126 0.998003 0.051822 187.763672 0.048183 -0.053535 0.997403 -4.242890 0.000000 0.000000 0.000000 1.000000
0.998149 -0.038392 -0.047169 -0.989649 0.041216 0.997321 0.060439 184.836456 0.044723 -0.062271 0.997057 -5.272496 0.000000 0.000000 0.000000 1.000000
0.998346 -0.041750 -0.039537 -1.335896 0.044663 0.996114 0.075912 180.820099 0.036214 -0.077552 0.996330 -6.238328 0.000000 0.000000 0.000000 1.000000
0.998754 -0.042003 -0.026961 -1.807556 0.044449 0.994226 0.097665 176.489273 0.022703 -0.098742 0.994854 -6.869850 0.000000 0.000000 0.000000 1.000000
0.999119 -0.040085 -0.012395 -2.359689 0.041309 0.991505 0.123331 172.861420 0.007346 -0.123735 0.992288 -7.062532 0.000000 0.000000 0.000000 1.000000
0.999273 -0.038118 -0.000107 -2.895436 0.037720 0.988434 0.146887 170.968781 -0.005493 -0.146784 0.989153 -6.854495 0.000000 0.000000 0.000000 1.000000
0.999226 -0.038499 0.008108 -3.341372 0.036672 0.986033 0.162464 171.457382 -0.014249 -0.162040 0.986681 -6.361365 0.000000 0.000000 0.000000 1.000000
0.998976 -0.042876 0.014422 -3.657270 0.039840 0.984905 0.168451 174.242310 -0.021427 -0.167704 0.985604 -5.724929 0.000000 0.000000 0.000000 1.000000
0.998461 -0.050978 0.021849 -3.824771 0.046706 0.985278 0.164457 178.564606 -0.029911 -0.163184 0.986142 -5.064042 0.000000 0.000000 0.000000 1.000000
0.997719 -0.059835 0.031253 -3.842747 0.054559 0.987385 0.148640 183.434326 -0.039753 -0.146596 0.988397 -4.460630 0.000000 0.000000 0.000000 1.000000
0.996976 -0.066098 0.040870 -3.740394 0.060697 0.990719 0.121618 187.999481 -0.048529 -0.118770 0.991735 -3.953306 0.000000 0.000000 0.000000 1.000000
0.996463 -0.069525 0.047208 -3.577281 0.065095 0.993843 0.089659 191.693939 -0.053151 -0.086269 0.994853 -3.537360 0.000000 0.000000 0.000000 1.000000
0.996287 -0.072461 0.046500 -3.416730 0.069599 0.995740 0.060475 194.260742 -0.050684 -0.057014 0.997086 -3.184539 0.000000 0.000000 0.000000 1.000000
0.996414 -0.075985 0.037220 -3.283584 0.074593 0.996511 0.037451 195.726349 -0.039935 -0.034540 0.998605 -2.896715 0.000000 0.000000 0.000000 1.000000
0.996629 -0.079051 0.021946 -3.170121 0.078594 0.996687 0.020949 196.284454 -0.023530 -0.019154 0.999540 -2.757785 0.000000 0.000000 0.000000 1.000000
0.996719 -0.080736 0.005787 -3.063803 0.080656 0.996659 0.012855 196.052643 -0.006805 -0.012346 0.999901 -2.916948 0.000000 0.000000 0.000000 1.000000
0.996683 -0.081079 -0.007007 -2.968437 0.081180 0.996576 0.015659 194.952866 0.005713 -0.016176 0.999853 -3.464359 0.000000 0.000000 0.000000 1.000000
0.996769 -0.079080 -0.014071 -2.915039 0.079451 0.996441 0.028154 192.827026 0.011794 -0.029181 0.999505 -4.286083 0.000000 0.000000 0.000000 1.000000
0.997272 -0.072442 -0.014145 -2.926908 0.073023 0.996263 0.046118 189.609055 0.010752 -0.047025 0.998836 -5.092933 0.000000 0.000000 0.000000 1.000000
0.998109 -0.060907 -0.008264 -2.966837 0.061325 0.995859 0.067119 185.465027 0.004142 -0.067498 0.997711 -5.637493 0.000000 0.000000 0.000000 1.000000
0.998846 -0.048004 -0.001147 -2.967987 0.047911 0.994745 0.090478 180.916565 -0.003202 -0.090429 0.995898 -5.862805 0.000000 0.000000 0.000000 1.000000
0.999278 -0.037914 0.002242 -2.918000 0.037423 0.992969 0.112303 176.901642 -0.006484 -0.112138 0.993671 -5.839319 0.000000 0.000000 0.000000 1.000000
0.999523 -0.030756 0.002890 -2.869622 0.030145 0.991535 0.126292 174.413528 -0.006750 -0.126145 0.991989 -5.634902 0.000000 0.000000 0.000000 1.000000
0.999706 -0.022388 0.009264 -2.900854 0.020969 0.991015 0.132098 173.947357 -0.012138 -0.131865 0.991193 -5.269299 0.000000 0.000000 0.000000 1.000000
0.999442 -0.010351 0.031772 -3.131931 0.005907 0.990571 0.136873 175.322800 -0.032889 -0.136609 0.990079 -4.735094 0.000000 0.000000 0.000000 1.000000
0.997201 0.002067 0.074740 -3.695209 -0.013006 0.989174 0.146169 177.955017 -0.073629 -0.146732 0.986432 -4.026108 0.000000 0.000000 0.000000 1.000000
0.991063 0.009946 0.133025 -4.613964 -0.031176 0.986869 0.158486 181.188629 -0.129702 -0.161217 0.978359 -3.157830 0.000000 0.000000 0.000000 1.000000
0.980254 0.013728 0.197267 -5.728340 -0.047831 0.984425 0.169175 184.420258 -0.191872 -0.175270 0.965643 -2.168342 0.000000 0.000000 0.000000 1.000000
0.964978 0.018152 0.261700 -6.773934 -0.066109 0.982233 0.175635 187.148193 -0.253863 -0.186785 0.949034 -1.114830 0.000000 0.000000 0.000000 1.000000
0.945241 0.025382 0.325383 -7.533733 -0.087673 0.980074 0.178239 189.051971 -0.314376 -0.197006 0.928632 -0.110390 0.000000 0.000000 0.000000 1.000000
0.920756 0.033110 0.388731 -7.935438 -0.110514 0.977716 0.178490 189.970886 -0.374158 -0.207306 0.903897 0.664742 0.000000 0.000000 0.000000 1.000000
0.891658 0.038006 0.451112 -8.023329 -0.131635 0.975181 0.178030 189.788712 -0.433149 -0.218124 0.874531 1.068914 0.000000 0.000000 0.000000 1.000000
0.860291 0.038248 0.508367 -7.868013 -0.149070 0.972472 0.179100 188.413254 -0.487522 -0.229860 0.842310 1.124245 0.000000 0.000000 0.000000 1.000000
0.833427 0.034604 0.551544 -7.519792 -0.162287 0.969359 0.184410 185.908691 -0.528263 -0.243201 0.813506 0.962590 0.000000 0.000000 0.000000 1.000000
0.819050 0.030000 0.572937 -6.991521 -0.172124 0.965479 0.195508 182.582077 -0.547294 -0.258748 0.795939 0.653335 0.000000 0.000000 0.000000 1.000000
0.818029 0.026756 0.574554 -6.330310 -0.179874 0.960715 0.211358 178.850983 -0.546328 -0.276244 0.790706 0.173026 0.000000 0.000000 0.000000 1.000000
0.823326 0.024943 0.567020 -5.711663 -0.186479 0.955460 0.228741 175.078568 -0.536059 -0.294066 0.791306 -0.475236 0.000000 0.000000 0.000000 1.000000
0.828786 0.023616 0.559066 -5.325713 -0.192027 0.950439 0.244521 171.615814 -0.525584 -0.310012 0.792246 -1.193381 0.000000 0.000000 0.000000 1.000000
0.835076 0.022768 0.549663 -5.209796 -0.195196 0.946398 0.257351 168.888748 -0.514340 -0.322200 0.794759 -1.853003 0.000000 0.000000 0.000000 1.000000
0.846284 0.023844 0.532198 -5.274735 -0.194581 0.943811 0.267132 167.371613 -0.495924 -0.329625 0.803372 -2.363838 0.000000 0.000000 0.000000 1.000000
0.862656 0.028579 0.504982 -5.468653 -0.191414 0.942591 0.273646 167.423981 -0.468171 -0.332724 0.818603 -2.668506 0.000000 0.000000 0.000000 1.000000
0.879409 0.039073 0.474461 -5.832900 -0.190713 0.942076 0.275902 169.091156 -0.436198 -0.333117 0.835921 -2.730604 0.000000 0.000000 0.000000 1.000000
0.891890 0.057650 0.448562 -6.391407 -0.197855 0.941627 0.272382 172.028305 -0.406676 -0.331685 0.851234 -2.564960 0.000000 0.000000 0.000000 1.000000
0.898877 0.083928 0.430089 -7.050344 -0.212873 0.941529 0.261168 175.635117 -0.383021 -0.326312 0.864185 -2.250700 0.000000 0.000000 0.000000 1.000000
0.902376 0.112757 0.415937 -7.631245 -0.229248 0.942869 0.241751 179.272308 -0.364915 -0.313503 0.876671 -1.899706 0.000000 0.000000 0.000000 1.000000
0.906249 0.136831 0.399987 -7.966428 -0.238940 0.946331 0.217637 182.436447 -0.348740 -0.292806 0.890306 -1.629567 0.000000 0.000000 0.000000 1.000000
0.913670 0.151252 0.377266 -7.964626 -0.237965 0.951534 0.194822 184.863434 -0.329514 -0.267779 0.905381 -1.548717 0.000000 0.000000 0.000000 1.000000
0.924863 0.155041 0.347262 -7.631814 -0.227275 0.957456 0.177830 186.475540 -0.304917 -0.243393 0.920753 -1.727950 0.000000 0.000000 0.000000 1.000000
0.937622 0.149969 0.313646 -7.011838 -0.210162 0.963172 0.167725 187.273438 -0.276941 -0.223179 0.934609 -2.199132 0.000000 0.000000 0.000000 1.000000
0.950067 0.138015 0.279867 -6.146692 -0.188542 0.968543 0.162411 187.203522 -0.248648 -0.207067 0.946202 -2.980395 0.000000 0.000000 0.000000 1.000000
0.961824 0.120011 0.245949 -5.101222 -0.161972 0.974043 0.158133 186.181244 -0.220587 -0.191933 0.956296 -4.021489 0.000000 0.000000 0.000000 1.000000
0.972720 0.096606 0.210909 -3.994494 -0.130318 0.979708 0.152281 184.271576 -0.191918 -0.175612 0.965571 -5.145173 0.000000 0.000000 0.000000 1.000000
0.981727 0.070222 0.176865 -2.984451 -0.096754 0.984517 0.146164 181.730881 -0.163862 -0.160606 0.973322 -6.132341 0.000000 0.000000 0.000000 1.000000
0.987860 0.045505 0.148534 -2.210700 -0.067158 0.987269 0.144189 178.885391 -0.140082 -0.152414 0.978339 -6.871856 0.000000 0.000000 0.000000 1.000000
0.991323 0.026355 0.128777 -1.707494 -0.045558 0.987858 0.148531 176.123047 -0.123299 -0.153110 0.980487 -7.406459 0.000000 0.000000 0.000000 1.000000
0.993230 0.012577 0.115478 -1.404653 -0.030668 0.987241 0.156251 173.899933 -0.112040 -0.158735 0.980944 -7.821708 0.000000 0.000000 0.000000 1.000000
0.994534 0.002590 0.104377 -1.190889 -0.019679 0.986425 0.163031 172.726166 -0.102538 -0.164194 0.981084 -8.121506 0.000000 0.000000 0.000000 1.000000
0.995559 -0.004411 0.094037 -0.986415 -0.011400 0.985902 0.166934 172.966370 -0.093448 -0.167265 0.981473 -8.222750 0.000000 0.000000 0.000000 1.000000
0.996360 -0.009346 0.084735 -0.758725 -0.004986 0.985883 0.167363 174.659470 -0.085102 -0.167176 0.982247 -8.050796 0.000000 0.000000 0.000000 1.000000
0.997107 -0.014202 0.074670 -0.523770 0.001825 0.986580 0.163269 177.504333 -0.075987 -0.162661 0.983752 -7.624785 0.000000 0.000000 0.000000 1.000000
0.997861 -0.020627 0.062030 -0.310230 0.010850 0.988011 0.154004 181.034164 -0.064463 -0.153002 0.986121 -7.049816 0.000000 0.000000 0.000000 1.000000
0.998432 -0.027541 0.048728 -0.090225 0.020481 0.989957 0.139875 184.827667 -0.052091 -0.138657 0.988969 -6.427299 0.000000 0.000000 0.000000 1.000000
0.998735 -0.032192 0.038640 0.199523 0.027292 0.992246 0.121259 188.516403 -0.042244 -0.120051 0.991869 -5.791505 0.000000 0.000000 0.000000 1.000000
0.998868 -0.033782 0.033490 0.559184 0.030332 0.994659 0.098655 191.725601 -0.036644 -0.097528 0.994558 -5.123743 0.000000 0.000000 0.000000 1.000000
0.998913 -0.033982 0.031907 0.894030 0.031516 0.996696 0.074861 194.127350 -0.034346 -0.073774 0.996683 -4.410338 0.000000 0.000000 0.000000 1.000000
0.998939 -0.033403 0.031699 1.104156 0.031579 0.997910 0.056374 195.522842 -0.033516 -0.055314 0.997906 -3.738698 0.000000 0.000000 0.000000 1.000000
0.999029 -0.030482 0.031802 1.181277 0.028868 0.998331 0.050023 195.842804 -0.033274 -0.049056 0.998242 -3.343788 0.000000 0.000000 0.000000 1.000000
0.999216 -0.024699 0.030929 1.194095 0.022883 0.998069 0.057751 195.142136 -0.032295 -0.056998 0.997852 -3.464644 0.000000 0.000000 0.000000 1.000000
0.999480 -0.019136 0.025957 1.173043 0.017098 0.996917 0.076581 193.578491 -0.027342 -0.076097 0.996725 -4.110630 0.000000 0.000000 0.000000 1.000000
0.999722 -0.018363 0.014791 1.042666 0.016759 0.994634 0.102089 191.337677 -0.016586 -0.101813 0.994665 -5.020945 0.000000 0.000000 0.000000 1.000000
0.999737 -0.022916 0.000013 0.703155 0.022725 0.991463 0.128389 188.618530 -0.002955 -0.128355 0.991724 -5.859527 0.000000 0.000000 0.000000 1.000000
0.999526 -0.027572 -0.013674 0.150429 0.029292 0.988590 0.147759 185.683167 0.009444 -0.148090 0.988929 -6.416910 0.000000 0.000000 0.000000 1.000000
0.999270 -0.028244 -0.025736 -0.540413 0.031936 0.987139 0.156641 182.873383 0.020981 -0.157349 0.987320 -6.681836 0.000000 0.000000 0.000000 1.000000
0.998824 -0.027616 -0.039844 -1.311366 0.033505 0.987243 0.155658 180.593033 0.035037 -0.156810 0.987007 -6.745444 0.000000 0.000000 0.000000 1.000000
0.997943 -0.031250 -0.055966 -2.172114 0.039153 0.988480 0.146202 179.309341 0.050752 -0.148092 0.987670 -6.698298 0.000000 0.000000 0.000000 1.000000
0.997079 -0.039215 -0.065544 -3.196421 0.047475 0.990425 0.129634 179.363800 0.059832 -0.132367 0.989393 -6.552270 0.000000 0.000000 0.000000 1.000000
0.997208 -0.045632 -0.059110 -4.462818 0.051859 0.992742 0.108507 180.772751 0.053730 -0.111270 0.992337 -6.261737 0.000000 0.000000 0.000000 1.000000
0.998148 -0.046986 -0.038633 -6.015499 0.050162 0.995047 0.085825 183.166763 0.034409 -0.087604 0.995561 -5.828042 0.000000 0.000000 0.000000 1.000000
0.998820 -0.045498 -0.017010 -7.776556 0.046489 0.996914 0.063260 185.972672 0.014079 -0.063976 0.997852 -5.348816 0.000000 0.000000 0.000000 1.000000
0.998961 -0.045208 -0.005697 -9.513810 0.045405 0.998125 0.041041 188.673172 0.003831 -0.041257 0.999141 -4.955019 0.000000 0.000000 0.000000 1.000000
0.998784 -0.048533 -0.008663 -10.991373 0.048698 0.998613 0.020036 190.921585 0.007678 -0.020434 0.999762 -4.730069 0.000000 0.000000 0.000000 1.000000
0.998031 -0.056421 -0.027387 -12.136253 0.056489 0.998402 0.001723 192.552094 0.027246 -0.003267 0.999623 -4.673059 0.000000 0.000000 0.000000 1.000000
0.995474 -0.069530 -0.064783 -13.004047 0.068781 0.997538 -0.013714 193.525574 0.065577 0.009196 0.997805 -4.736651 0.000000 0.000000 0.000000 1.000000
0.988567 -0.088753 -0.121894 -13.598046 0.086028 0.995914 -0.027453 193.814331 0.123833 0.016653 0.992163 -4.891520 0.000000 0.000000 0.000000 1.000000
0.974317 -0.115037 -0.193577 -13.818230 0.109389 0.993208 -0.039654 193.314743 0.196824 0.017461 0.980283 -5.119699 0.000000 0.000000 0.000000 1.000000
0.951902 -0.147230 -0.268713 -13.628452 0.139374 0.989066 -0.048192 191.897003 0.272871 0.008422 0.962014 -5.327233 0.000000 0.000000 0.000000 1.000000
0.925385 -0.179284 -0.333946 -13.221014 0.172483 0.983734 -0.050172 189.558350 0.337509 -0.011172 0.941256 -5.332620 0.000000 0.000000 0.000000 1.000000
0.903445 -0.201729 -0.378276 -12.933576 0.200718 0.978724 -0.042559 186.438675 0.378814 -0.037477 0.924714 -5.001312 0.000000 0.000000 0.000000 1.000000
0.894658 -0.208123 -0.395313 -12.974160 0.216844 0.975934 -0.023053 182.775803 0.390598 -0.065097 0.918257 -4.369272 0.000000 0.000000 0.000000 1.000000
0.901875 -0.199472 -0.383187 -13.287809 0.218716 0.975765 0.006831 178.966873 0.372538 -0.089970 0.923646 -3.605975 0.000000 0.000000 0.000000 1.000000
0.919979 -0.182391 -0.346947 -13.732553 0.209403 0.976941 0.041683 175.540436 0.331344 -0.110999 0.936958 -2.878027 0.000000 0.000000 0.000000 1.000000
0.939349 -0.164819 -0.300764 -14.285969 0.195603 0.977806 0.075072 172.935257 0.281716 -0.129349 0.950739 -2.260135 0.000000 0.000000 0.000000 1.000000
0.952947 -0.152740 -0.261844 -14.970167 0.184052 0.977876 0.099415 171.355865 0.240866 -0.142930 0.959976 -1.757330 0.000000 0.000000 0.000000 1.000000
0.959462 -0.148192 -0.239731 -15.664639 0.177857 0.978207 0.107140 170.876556 0.218630 -0.145434 0.964909 -1.388107 0.000000 0.000000 0.000000 1.000000
0.960715 -0.150215 -0.233371 -16.167305 0.176812 0.979407 0.097463 171.549194 0.213925 -0.134897 0.967491 -1.203755 0.000000 0.000000 0.000000 1.000000
0.958643 -0.158058 -0.236686 -16.393345 0.180773 0.980473 0.077424 173.371384 0.219827 -0.117008 0.968496 -1.227354 0.000000 0.000000 0.000000 1.000000
0.954638 -0.171291 -0.243570 -16.348753 0.189467 0.980451 0.053085 176.127594 0.229715 -0.096826 0.968430 -1.416154 0.000000 0.000000 0.000000 1.000000
0.949911 -0.187059 -0.250355 -15.956828 0.199466 0.979588 0.024904 179.264145 0.240586 -0.073594 0.967834 -1.691891 0.000000 0.000000 0.000000 1.000000
0.945172 -0.200974 -0.257411 -15.102726 0.206000 0.978523 -0.007584 181.964066 0.253407 -0.045858 0.966272 -2.005508 0.000000 0.000000 0.000000 1.000000
0.940180 -0.210743 -0.267672 -13.852462 0.206981 0.977420 -0.042532 183.583252 0.270591 -0.015415 0.962571 -2.391670 0.000000 0.000000 0.000000 1.000000
0.934722 -0.216394 -0.281901 -12.485580 0.202727 0.976191 -0.077150 184.121872 0.291884 0.014965 0.956337 -2.937896 0.000000 0.000000 0.000000 1.000000
0.930083 -0.217742 -0.295860 -11.322374 0.194137 0.975086 -0.107327 184.098892 0.311859 0.042385 0.949183 -3.689935 0.000000 0.000000 0.000000 1.000000
0.928660 -0.213837 -0.303090 -10.536948 0.183004 0.974866 -0.127070 183.818649 0.322644 0.062538 0.944452 -4.629687 0.000000 0.000000 0.000000 1.000000
0.932126 -0.203895 -0.299280 -10.099541 0.171236 0.976366 -0.131860 182.979370 0.319093 0.071662 0.945010 -5.696099 0.000000 0.000000 0.000000 1.000000
0.940749 -0.186124 -0.283459 -9.898327 0.157240 0.980038 -0.121658 181.072510 0.300444 0.069878 0.951236 -6.757968 0.000000 0.000000 0.000000 1.000000
0.953530 -0.157439 -0.256890 -9.884091 0.135786 0.985671 -0.100070 177.888916 0.268964 0.060537 0.961246 -7.618459 0.000000 0.000000 0.000000 1.000000
0.967873 -0.118065 -0.221996 -10.035210 0.104714 0.991963 -0.071018 173.656357 0.228597 0.045491 0.972458 -8.082366 0.000000 0.000000 0.000000 1.000000
0.980287 -0.075376 -0.182634 -10.206648 0.069864 0.996891 -0.036437 169.020889 0.184813 0.022959 0.982506 -8.023993 0.000000 0.000000 0.000000 1.000000
0.988782 -0.039574 -0.144026 -10.146769 0.040217 0.999190 0.001556 164.938126 0.143848 -0.007331 0.989573 -7.460065 0.000000 0.000000 0.000000 1.000000
0.993772 -0.015724 -0.110316 -9.741744 0.019907 0.999120 0.036922 162.312714 0.109639 -0.038888 0.993210 -6.574962 0.000000 0.000000 0.000000 1.000000
0.996521 -0.001834 -0.083318 -9.163332 0.007049 0.998030 0.062337 161.685944 0.083040 -0.062707 0.994571 -5.601411 0.000000 0.000000 0.000000 1.000000
0.997964 0.007349 -0.063356 -8.610790 -0.002525 0.997114 0.075881 163.108139 0.063731 -0.075566 0.995102 -4.666250 0.000000 0.000000 0.000000 1.000000
0.998655 0.015074 -0.049599 -8.141310 -0.011011 0.996637 0.081198 166.116898 0.050657 -0.080542 0.995463 -3.754210 0.000000 0.000000 0.000000 1.000000
0.998981 0.019882 -0.040518 -7.685430 -0.016529 0.996538 0.081479 169.928375 0.041997 -0.080727 0.995851 -2.798687 0.000000 0.000000 0.000000 1.000000
0.999219 0.019513 -0.034350 -7.162847 -0.016831 0.996911 0.076718 173.677643 0.035740 -0.076080 0.996461 -1.800741 0.000000 0.000000 0.000000 1.000000
0.999416 0.016150 -0.030112 -6.528888 -0.014133 0.997718 0.066022 176.665787 0.031110 -0.065558 0.997364 -0.850484 0.000000 0.000000 0.000000 1.000000
0.999478 0.014734 -0.028756 -5.772101 -0.013239 0.998585 0.051498 178.526840 0.029474 -0.051091 0.998259 -0.049505 0.000000 0.000000 0.000000 1.000000
0.999437 0.017164 -0.028826 -4.905250 -0.016056 0.999140 0.038216 179.250397 0.029457 -0.037732 0.998854 0.545972 0.000000 0.000000 0.000000 1.000000
0.999348 0.021023 -0.029358 -3.958875 -0.020126 0.999332 0.030516 179.059006 0.029980 -0.029905 0.999103 0.891349 0.000000 0.000000 0.000000 1.000000
0.999260 0.023683 -0.030303 -2.969378 -0.022754 0.999272 0.030630 178.192261 0.031006 -0.029918 0.999071 0.919377 0.000000 0.000000 0.000000 1.000000
0.999164 0.025943 -0.031609 -2.141044 -0.024714 0.998947 0.038662 176.728897 0.032578 -0.037849 0.998752 0.752371 0.000000 0.000000 0.000000 1.000000
0.998948 0.031628 -0.033202 -1.458643 -0.029935 0.998286 0.050291 174.611542 0.034735 -0.049244 0.998183 0.485734 0.000000 0.000000 0.000000 1.000000
0.998447 0.043343 -0.035012 -0.753327 -0.041070 0.997154 0.063229 171.854492 0.037653 -0.061692 0.997385 0.156263 0.000000 0.000000 0.000000 1.000000
0.997599 0.058546 -0.037001 -0.066097 -0.055574 0.995496 0.076804 168.629196 0.041330 -0.074563 0.996359 -0.221015 0.000000 0.000000 0.000000 1.000000
0.996678 0.071417 -0.039148 0.518701 -0.067656 0.993624 0.090190 165.140762 0.045339 -0.087242 0.995155 -0.630718 0.000000 0.000000 0.000000 1.000000</float_array><technique_common><accessor source="#mixamorig_Hips-Matrix-animation-output-transform-array" count="136" stride="16"><param type="float4x4"/></accessor></technique_common></source><source id="mixamorig_Hips-Interpolations"><Name_array id="mixamorig_Hips-Interpolations-array" count="136">
 LINEAR LINEAR LINEAR LINEAR LINEAR LINEAR LINEAR LINEAR LINEAR LINEAR LINEAR
LINEAR LINEAR LINEAR LINEAR LINEAR LINEAR LINEAR LINEAR LINEAR LINEAR LINEAR LINEAR
LINEAR LINEAR LINEAR LINEAR LINEAR LINEAR LINEAR LINEAR LINEAR LINEAR LINEAR LINEAR
LINEAR LINEAR LINEAR LINEAR LINEAR LINEAR LINEAR LINEAR LINEAR LINEAR LINEAR LINEAR
LINEAR LINEAR LINEAR LINEAR LINEAR LINEAR LINEAR LINEAR LINEAR LINEAR LINEAR LINEAR
LINEAR LINEAR LINEAR LINEAR LINEAR LINEAR LINEAR LINEAR LINEAR LINEAR LINEAR LINEAR
LINEAR LINEAR LINEAR LINEAR LINEAR LINEAR LINEAR LINEAR LINEAR LINEAR LINEAR LINEAR
LINEAR LINEAR LINEAR LINEAR LINEAR LINEAR LINEAR LINEAR LINEAR LINEAR LINEAR LINEAR
LINEAR LINEAR LINEAR LINEAR LINEAR LINEAR LINEAR LINEAR LINEAR LINEAR LINEAR LINEAR
LINEAR LINEAR LINEAR LINEAR LINEAR LINEAR LINEAR LINEAR LINEAR LINEAR LINEAR LINEAR
LINEAR LINEAR LINEAR LINEAR LINEAR LINEAR LINEAR LINEAR LINEAR LINEAR LINEAR LINEAR
LINEAR LINEAR LINEAR LINEAR LINEAR</Name_array><technique_common><accessor source="#mixamorig_Hips-Interpolations-array" count="136"><param type="name"/></accessor></technique_common></source><sampler id="mixamorig_Hips-Matrix-animation-transform"><input semantic="INPUT" source="#mixamorig_Hips-Matrix-animation-input"/><input semantic="OUTPUT" source="#mixamorig_Hips-Matrix-animation-output-transform"/><input semantic="INTERPOLATION" source="#mixamorig_Hips-Interpolations"/></sampler><channel source="#mixamorig_Hips-Matrix-animation-transform" target="mixamorig_Hips/matrix"/></animation>
    <animation id="mixamorig_Spine-anim" name="mixamorig_Spine"><source id="mixamorig_Spine-Matrix-animation-input"><float_array id="mixamorig_Spine-Matrix-animation-input-array" count="136">

0.000000 0.033333 0.066667 0.100000 0.133333 0.166667 0.200000 0.233333 0.266667 0.300000 0.333333 0.366667 0.400000 0.433333 0.466667 0.500000
0.533333 0.566667 0.600000 0.633333 0.666667 0.700000 0.733333 0.766667 0.800000 0.833333 0.866667 0.900000 0.933333 0.966667 1.000000 1.033333
1.066667 1.100000 1.133333 1.166667 1.200000 1.233333 1.266667 1.300000 1.333333 1.366667 1.400000 1.433333 1.466667 1.500000 1.533333 1.566667
1.600000 1.633333 1.666667 1.700000 1.733333 1.766667 1.800000 1.833333 1.866667 1.900000 1.933333 1.966667 2.000000 2.033333 2.066667 2.100000
2.133333 2.166667 2.200000 2.233333 2.266667 2.300000 2.333333 2.366667 2.400000 2.433333 2.466667 2.500000 2.533333 2.566667 2.600000 2.633333
2.666667 2.700000 2.733333 2.766667 2.800000 2.833333 2.866667 2.900000 2.933333 2.966667 3.000000 3.033333 3.066667 3.100000 3.133333 3.166667
3.200000 3.233333 3.266667 3.300000 3.333333 3.366667 3.400000 3.433333 3.466667 3.500000 3.533333 3.566667 3.600000 3.633333 3.666667 3.700000
3.733333 3.766667 3.800000 3.833333 3.866667 3.900000 3.933333 3.966667 4.000000 4.033333 4.066667 4.100000 4.133333 4.166667 4.200000 4.233333
4.266667 4.300000 4.333333 4.366667 4.400000 4.433333 4.466667 4.500000</float_array><technique_common><accessor source="#mixamorig_Spine-Matrix-animation-input-array" count="136"><param name="TIME" type="float"/></accessor></technique_common></source><source id="mixamorig_Spine-Matrix-animation-output-transform"><float_array id="mixamorig_Spine-Matrix-animation-output-transform-array" count="2176">

0.993562 -0.110523 0.024870 0.006200 0.112836 0.985031 -0.130311 19.525000 -0.010095 0.132279 0.991161 -2.481800 0.000000 0.000000 0.000000 1.000000
0.993908 -0.106717 0.027543 0.006200 0.109633 0.982922 -0.147800 19.525000 -0.011300 0.149919 0.988634 -2.481800 0.000000 0.000000 0.000000 1.000000
0.994920 -0.096451 0.028847 0.006200 0.099717 0.983537 -0.150705 19.525000 -0.013836 0.152816 0.988158 -2.481800 0.000000 0.000000 0.000000 1.000000
0.996195 -0.082350 0.028529 0.006200 0.085653 0.985561 -0.146057 19.525000 -0.016089 0.147945 0.988865 -2.481800 0.000000 0.000000 0.000000 1.000000
0.997493 -0.064331 0.029475 0.006200 0.067828 0.987939 -0.139198 19.525000 -0.020165 0.140848 0.989826 -2.481800 0.000000 0.000000 0.000000 1.000000
0.998487 -0.044810 0.031866 0.006200 0.048560 0.990489 -0.128739 19.525000 -0.025794 0.130092 0.991166 -2.481800 0.000000 0.000000 0.000000 1.000000
0.999017 -0.029030 0.033504 0.006200 0.032641 0.993082 -0.112791 19.525000 -0.029998 0.113774 0.993054 -2.481800 0.000000 0.000000 0.000000 1.000000
0.999242 -0.020164 0.033289 0.006200 0.023205 0.995335 -0.093642 19.525000 -0.031246 0.094344 0.995049 -2.481800 0.000000 0.000000 0.000000 1.000000
0.999324 -0.018508 0.031762 0.006200 0.020890 0.996862 -0.076358 19.525000 -0.030249 0.076970 0.996574 -2.481800 0.000000 0.000000 0.000000 1.000000
0.999292 -0.022530 0.030117 0.006200 0.024487 0.997501 -0.066269 19.525000 -0.028549 0.066960 0.997347 -2.481800 0.000000 0.000000 0.000000 1.000000
0.999129 -0.029446 0.029583 0.006200 0.031407 0.997179 -0.068170 19.525000 -0.027492 0.069039 0.997235 -2.481800 0.000000 0.000000 0.000000 1.000000
0.998885 -0.036260 0.030243 0.006200 0.038698 0.995685 -0.084342 19.525000 -0.027054 0.085418 0.995978 -2.481800 0.000000 0.000000 0.000000 1.000000
0.998636 -0.042185 0.030772 0.006200 0.045363 0.992767 -0.111157 19.525000 -0.025860 0.112401 0.993326 -2.481800 0.000000 0.000000 0.000000 1.000000
0.998382 -0.048230 0.030121 0.006200 0.051997 0.988748 -0.140261 19.525000 -0.023017 0.141600 0.989656 -2.481800 0.000000 0.000000 0.000000 1.000000
0.998134 -0.054348 0.027847 0.006200 0.058215 0.984554 -0.165121 19.525000 -0.018442 0.166434 0.985880 -2.481800 0.000000 0.000000 0.000000 1.000000
0.997999 -0.058654 0.023600 0.006200 0.061994 0.981115 -0.183223 19.525000 -0.012408 0.184319 0.982788 -2.481800 0.000000 0.000000 0.000000 1.000000
0.998103 -0.058769 0.018346 0.006200 0.061203 0.979447 -0.192193 19.525000 -0.006674 0.192951 0.981186 -2.481800 0.000000 0.000000 0.000000 1.000000
0.998503 -0.052843 0.014118 0.006200 0.054567 0.980126 -0.190722 19.525000 -0.003759 0.191207 0.981543 -2.481800 0.000000 0.000000 0.000000 1.000000
0.999095 -0.040741 0.012210 0.006200 0.042282 0.982463 -0.181602 19.525000 -0.004597 0.181954 0.983296 -2.481800 0.000000 0.000000 0.000000 1.000000
0.999629 -0.024224 0.012446 0.006200 0.025966 0.985566 -0.167291 19.525000 -0.008214 0.167552 0.985829 -2.481800 0.000000 0.000000 0.000000 1.000000
0.999887 -0.007161 0.013210 0.006200 0.009018 0.989192 -0.146348 19.525000 -0.012020 0.146451 0.989145 -2.481800 0.000000 0.000000 0.000000 1.000000
0.999898 0.006689 0.012640 0.006200 -0.005140 0.992905 -0.118801 19.525000 -0.013345 0.118724 0.992838 -2.481800 0.000000 0.000000 0.000000 1.000000
0.999798 0.017046 0.010666 0.006200 -0.016007 0.995735 -0.090858 19.525000 -0.012169 0.090669 0.995807 -2.481800 0.000000 0.000000 0.000000 1.000000
0.999621 0.025783 0.009687 0.006200 -0.025046 0.997252 -0.069718 19.525000 -0.011458 0.069449 0.997520 -2.481800 0.000000 0.000000 0.000000 1.000000
0.999409 0.032234 0.011969 0.006200 -0.031506 0.997893 -0.056713 19.525000 -0.013772 0.056302 0.998319 -2.481800 0.000000 0.000000 0.000000 1.000000
0.999279 0.034110 0.016648 0.006200 -0.033236 0.998185 -0.050219 19.525000 -0.018330 0.049629 0.998599 -2.481800 0.000000 0.000000 0.000000 1.000000
0.999242 0.032941 0.020757 0.006200 -0.031810 0.998107 -0.052633 19.525000 -0.022452 0.051933 0.998398 -2.481800 0.000000 0.000000 0.000000 1.000000
0.999166 0.033907 0.022739 0.006200 -0.032281 0.997135 -0.068406 19.525000 -0.024994 0.067615 0.997398 -2.481800 0.000000 0.000000 0.000000 1.000000
0.999004 0.038454 0.022614 0.006200 -0.036142 0.994817 -0.095040 19.525000 -0.026151 0.094128 0.995217 -2.481800 0.000000 0.000000 0.000000 1.000000
0.998956 0.041544 0.019018 0.006200 -0.038900 0.991652 -0.122935 19.525000 -0.023966 0.122067 0.992232 -2.481800 0.000000 0.000000 0.000000 1.000000
0.999188 0.038776 0.010971 0.006200 -0.036751 0.988503 -0.146664 19.525000 -0.016532 0.146141 0.989126 -2.481800 0.000000 0.000000 0.000000 1.000000
0.999460 0.032803 0.001710 0.006200 -0.032045 0.985158 -0.168631 19.525000 -0.007216 0.168486 0.985678 -2.481800 0.000000 0.000000 0.000000 1.000000
0.999518 0.030652 -0.005018 0.006200 -0.031049 0.981694 -0.187917 19.525000 -0.000834 0.187982 0.982172 -2.481800 0.000000 0.000000 0.000000 1.000000
0.999280 0.036599 -0.010027 0.006200 -0.037854 0.979937 -0.195681 19.525000 0.002664 0.195919 0.980616 -2.481800 0.000000 0.000000 0.000000 1.000000
0.998647 0.049576 -0.015666 0.006200 -0.051635 0.980950 -0.187271 19.525000 0.006083 0.187826 0.982183 -2.481800 0.000000 0.000000 0.000000 1.000000
0.997502 0.067239 -0.021635 0.006200 -0.069944 0.982994 -0.169798 19.525000 0.009850 0.170887 0.985241 -2.481800 0.000000 0.000000 0.000000 1.000000
0.995628 0.089507 -0.026709 0.006200 -0.092565 0.983773 -0.153699 19.525000 0.012518 0.155499 0.987757 -2.481800 0.000000 0.000000 0.000000 1.000000
0.992676 0.116756 -0.031016 0.006200 -0.120017 0.982427 -0.142947 19.525000 0.013781 0.145622 0.989244 -2.481800 0.000000 0.000000 0.000000 1.000000
0.988750 0.145582 -0.034327 0.006200 -0.148932 0.979472 -0.135846 19.525000 0.013846 0.139431 0.990135 -2.481800 0.000000 0.000000 0.000000 1.000000
0.984630 0.171090 -0.035093 0.006200 -0.174254 0.975910 -0.131282 19.525000 0.011787 0.135379 0.990724 -2.481800 0.000000 0.000000 0.000000 1.000000
0.980639 0.192944 -0.033473 0.006200 -0.195693 0.971848 -0.131208 19.525000 0.007215 0.135219 0.990790 -2.481800 0.000000 0.000000 0.000000 1.000000
0.976283 0.213960 -0.033056 0.006200 -0.216488 0.966315 -0.139169 19.525000 0.002165 0.143025 0.989717 -2.481800 0.000000 0.000000 0.000000 1.000000
0.971407 0.234592 -0.036533 0.006200 -0.237410 0.958439 -0.158209 19.525000 -0.002100 0.162359 0.986730 -2.481800 0.000000 0.000000 0.000000 1.000000
0.966412 0.253726 -0.040881 0.006200 -0.256843 0.948014 -0.187886 19.525000 -0.008916 0.192075 0.981340 -2.481800 0.000000 0.000000 0.000000 1.000000
0.961303 0.272661 -0.039400 0.006200 -0.274465 0.935527 -0.222391 19.525000 -0.023777 0.224599 0.974161 -2.481800 0.000000 0.000000 0.000000 1.000000
0.955397 0.293844 -0.029544 0.006200 -0.291505 0.922270 -0.253855 19.525000 -0.047346 0.251144 0.966791 -2.481800 0.000000 0.000000 0.000000 1.000000
0.948534 0.316226 -0.016852 0.006200 -0.308194 0.909590 -0.278680 19.525000 -0.072797 0.269531 0.960236 -2.481800 0.000000 0.000000 0.000000 1.000000
0.942160 0.335047 -0.008881 0.006200 -0.322246 0.898242 -0.298864 19.525000 -0.092156 0.284439 0.954254 -2.481800 0.000000 0.000000 0.000000 1.000000
0.937903 0.346805 -0.007985 0.006200 -0.331348 0.888812 -0.316580 19.525000 -0.102694 0.299567 0.948532 -2.481800 0.000000 0.000000 0.000000 1.000000
0.935566 0.352985 -0.010887 0.006200 -0.336731 0.882345 -0.328756 19.525000 -0.106440 0.311238 0.944352 -2.481800 0.000000 0.000000 0.000000 1.000000
0.933534 0.358254 -0.012976 0.006200 -0.342333 0.880137 -0.328886 19.525000 -0.106404 0.311469 0.944280 -2.481800 0.000000 0.000000 0.000000 1.000000
0.930793 0.365324 -0.012762 0.006200 -0.350567 0.882215 -0.314322 19.525000 -0.103570 0.297043 0.949231 -2.481800 0.000000 0.000000 0.000000 1.000000
0.928571 0.370946 -0.012431 0.006200 -0.358524 0.887805 -0.288553 19.525000 -0.096001 0.272399 0.957383 -2.481800 0.000000 0.000000 0.000000 1.000000
0.929624 0.368190 -0.015367 0.006200 -0.359553 0.897098 -0.256781 19.525000 -0.080759 0.244235 0.966347 -2.481800 0.000000 0.000000 0.000000 1.000000
0.935075 0.353691 -0.023163 0.006200 -0.349738 0.910056 -0.222446 19.525000 -0.057598 0.216105 0.974670 -2.481800 0.000000 0.000000 0.000000 1.000000
0.942954 0.331287 -0.032968 0.006200 -0.331410 0.924622 -0.187727 19.525000 -0.031708 0.187943 0.981668 -2.481800 0.000000 0.000000 0.000000 1.000000
0.950664 0.307639 -0.039946 0.006200 -0.310067 0.938203 -0.153732 19.525000 -0.009817 0.158533 0.987305 -2.481800 0.000000 0.000000 0.000000 1.000000
0.957274 0.285934 -0.043226 0.006200 -0.289105 0.949725 -0.120167 19.525000 0.006693 0.127529 0.991812 -2.481800 0.000000 0.000000 0.000000 1.000000
0.963265 0.264642 -0.045675 0.006200 -0.267770 0.959449 -0.088075 19.525000 0.020515 0.097070 0.995066 -2.481800 0.000000 0.000000 0.000000 1.000000
0.969650 0.239557 -0.048905 0.006200 -0.242328 0.968213 -0.061976 19.525000 0.032504 0.071946 0.996879 -2.481800 0.000000 0.000000 0.000000 1.000000
0.976814 0.207737 -0.051763 0.006200 -0.210136 0.976580 -0.046205 19.525000 0.040953 0.056011 0.997590 -2.481800 0.000000 0.000000 0.000000 1.000000
0.983875 0.170949 -0.052604 0.006200 -0.173107 0.984106 -0.039615 19.525000 0.044996 0.048082 0.997829 -2.481800 0.000000 0.000000 0.000000 1.000000
0.989523 0.134985 -0.051219 0.006200 -0.136960 0.989876 -0.037236 19.525000 0.045674 0.043861 0.997993 -2.481800 0.000000 0.000000 0.000000 1.000000
0.993333 0.104446 -0.048789 0.006200 -0.106318 0.993626 -0.037477 19.525000 0.044563 0.042414 0.998106 -2.481800 0.000000 0.000000 0.000000 1.000000
0.995795 0.078514 -0.047193 0.006200 -0.080590 0.995783 -0.043828 19.525000 0.043553 0.047447 0.997924 -2.481800 0.000000 0.000000 0.000000 1.000000
0.997374 0.053973 -0.048284 0.006200 -0.056766 0.996675 -0.058460 19.525000 0.044969 0.061047 0.997121 -2.481800 0.000000 0.000000 0.000000 1.000000
0.998186 0.031752 -0.051157 0.006200 -0.035676 0.996338 -0.077709 19.525000 0.048502 0.079393 0.995663 -2.481800 0.000000 0.000000 0.000000 1.000000
0.998533 0.014928 -0.052050 0.006200 -0.019832 0.995278 -0.095020 19.525000 0.050386 0.095913 0.994114 -2.481800 0.000000 0.000000 0.000000 1.000000
0.998758 0.003625 -0.049702 0.006200 -0.008856 0.994387 -0.105435 19.525000 0.049041 0.105745 0.993183 -2.481800 0.000000 0.000000 0.000000 1.000000
0.998897 -0.004307 -0.046760 0.006200 -0.000707 0.994291 -0.106705 19.525000 0.046953 0.106620 0.993191 -2.481800 0.000000 0.000000 0.000000 1.000000
0.998976 -0.008610 -0.044416 0.006200 0.004154 0.995033 -0.099460 19.525000 0.045052 0.099173 0.994050 -2.481800 0.000000 0.000000 0.000000 1.000000
0.999145 -0.007275 -0.040706 0.006200 0.003700 0.996183 -0.087214 19.525000 0.041185 0.086989 0.995358 -2.481800 0.000000 0.000000 0.000000 1.000000
0.999389 -0.002404 -0.034880 0.006200 -0.000153 0.997323 -0.073117 19.525000 0.034963 0.073078 0.996713 -2.481800 0.000000 0.000000 0.000000 1.000000
0.999551 -0.000536 -0.029953 0.006200 -0.001145 0.998426 -0.056070 19.525000 0.029936 0.056079 0.997977 -2.481800 0.000000 0.000000 0.000000 1.000000
0.999545 -0.004522 -0.029810 0.006200 0.003573 0.999488 -0.031804 19.525000 0.029938 0.031683 0.999049 -2.481800 0.000000 0.000000 0.000000 1.000000
0.999330 -0.012104 -0.034530 0.006200 0.012139 0.999926 0.000808 19.525000 0.034518 -0.001227 0.999403 -2.481800 0.000000 0.000000 0.000000 1.000000
0.998988 -0.019716 -0.040423 0.006200 0.021118 0.999179 0.034565 19.525000 0.039708 -0.035384 0.998585 -2.481800 0.000000 0.000000 0.000000 1.000000
0.998613 -0.026991 -0.045216 0.006200 0.029535 0.997961 0.056579 19.525000 0.043597 -0.057836 0.997374 -2.481800 0.000000 0.000000 0.000000 1.000000
0.998096 -0.036252 -0.049893 0.006200 0.039127 0.997555 0.057910 19.525000 0.047671 -0.059752 0.997074 -2.481800 0.000000 0.000000 0.000000 1.000000
0.997421 -0.047064 -0.054180 0.006200 0.049227 0.998014 0.039296 19.525000 0.052223 -0.041862 0.997758 -2.481800 0.000000 0.000000 0.000000 1.000000
0.997012 -0.054808 -0.054442 0.006200 0.055302 0.998441 0.007599 19.525000 0.053941 -0.010587 0.998488 -2.481800 0.000000 0.000000 0.000000 1.000000
0.997144 -0.057934 -0.048447 0.006200 0.056578 0.997979 -0.028920 19.525000 0.050025 0.026096 0.998407 -2.481800 0.000000 0.000000 0.000000 1.000000
0.997306 -0.062118 -0.039018 0.006200 0.059568 0.996206 -0.063446 19.525000 0.042811 0.060950 0.997222 -2.481800 0.000000 0.000000 0.000000 1.000000
0.996897 -0.072643 -0.030323 0.006200 0.069470 0.993042 -0.095087 19.525000 0.037019 0.092685 0.995007 -2.481800 0.000000 0.000000 0.000000 1.000000
0.996002 -0.086223 -0.023373 0.006200 0.082578 0.988418 -0.127321 19.525000 0.034081 0.124881 0.991586 -2.481800 0.000000 0.000000 0.000000 1.000000
0.995228 -0.095938 -0.017822 0.006200 0.091918 0.983024 -0.158793 19.525000 0.032753 0.156397 0.987151 -2.481800 0.000000 0.000000 0.000000 1.000000
0.994530 -0.102967 -0.017569 0.006200 0.098084 0.978410 -0.181915 19.525000 0.035921 0.179196 0.983157 -2.481800 0.000000 0.000000 0.000000 1.000000
0.992790 -0.115867 -0.030703 0.006200 0.108062 0.976006 -0.189036 19.525000 0.051869 0.184355 0.981490 -2.481800 0.000000 0.000000 0.000000 1.000000
0.988922 -0.135786 -0.059966 0.006200 0.123204 0.976172 -0.178629 19.525000 0.082792 0.169262 0.982087 -2.481800 0.000000 0.000000 0.000000 1.000000
0.983267 -0.154208 -0.096982 0.006200 0.138056 0.978127 -0.155590 19.525000 0.118854 0.139597 0.983049 -2.481800 0.000000 0.000000 0.000000 1.000000
0.977742 -0.164769 -0.129893 0.006200 0.148419 0.980750 -0.126888 19.525000 0.148299 0.104785 0.983376 -2.481800 0.000000 0.000000 0.000000 1.000000
